MDG-a_1_n500_m50.txt
list
200
[7353.34, 7353.34, 7317.14, 7183.1, 7314.76, 7293.38, 7229.14, 7328.17, 7285.86, 7279.35, 7270.2, 7331.31, 7270.05, 7262.45, 7305.43, 7309.96, 7350.47, 7350.47, 7207.43, 7350.47, 7350.47, 7328.17, 7305.2300000000005, 7331.31, 7326.18, 7292.1, 7320.12, 7246.09, 7268.41, 7293.14, 7328.17, 7353.34, 7281.34, 7308.23, 7328.17, 7320.12, 7331.31, 7304.15, 7350.47, 7350.47, 7232.28, 7328.17, 7320.12, 7328.17, 7267.4, 7209.99, 7331.31, 7285.57, 7331.31, 7196.73, 7243.94, 7299.07, 7328.17, 7250.53, 7293.33, 7331.31, 7304.83, 7350.47, 7274.86, 7253.67, 7267.4, 7217.67, 7306.46, 7328.17, 7285.57, 7280.2, 7304.5, 7248.12, 7255.1, 7311.92, 7320.12, 7205.34, 7335.22, 7253.17, 7280.03, 7305.2300000000005, 7350.47, 7204.09, 7328.17, 7328.17, 7327.27, 7350.47, 7269.43, 7353.34, 7186.12, 7285.26, 7264.56, 7353.34, 7350.47, 7320.12, 7261.9800000000005, 7331.31, 7328.17, 7320.12, 7328.17, 7238.36, 7272.2, 7317.56, 7328.17, 7244.88, 7350.47, 7252.22, 7273.14, 7331.31, 7310.51, 7270.24, 7328.17, 7266.64, 7345.46, 7253.38, 7271.28, 7312.46, 7350.47, 7350.47, 7267.04, 7353.34, 7353.34, 7328.17, 7245.72, 7320.19, 7319.77, 7309.9, 7328.17, 7328.17, 7262.54, 7268.79, 7353.34, 7340.71, 7320.12, 7271.72, 7293.29, 7326.35, 7255.64, 7317.83, 7300.27, 7201.0, 7275.86, 7292.64, 7350.47, 7328.17, 7271.03, 7279.8, 7228.23, 7350.47, 7274.14, 7282.71, 7298.7, 7342.58, 7279.76, 7287.84, 7350.47, 7279.76, 7353.34, 7265.07, 7218.03, 7353.34, 7320.12, 7328.17, 7205.4, 7099.53, 7331.31, 7350.47, 7285.57, 7321.0, 7328.17, 7311.27, 7350.47, 7320.12, 7286.67, 7328.17, 7256.45, 7331.31, 7317.31, 7192.63, 7309.9, 7248.24, 7177.37, 7331.31, 7274.65, 7331.31, 7324.66, 7325.97, 7328.17, 7176.57, 7309.96, 7350.47, 7331.31, 7185.84, 7331.31, 7328.17, 7273.71, 7328.17, 7275.59, 7326.35, 7344.25, 7333.65, 7290.36, 7251.34, 7353.34, 7271.56]
MDG-a_2_n500_m50.txt
list
200
[7354.04, 7350.53, 7277.59, 7298.0, 7306.91, 7275.46, 7245.02, 7338.79, 7248.74, 7256.49, 7314.36, 7331.27, 7338.15, 7210.14, 7273.16, 7307.93, 7178.85, 7308.09, 7325.25, 7261.32, 7308.64, 7312.18, 7276.5, 7317.47, 7318.16, 7326.37, 7325.01, 7308.09, 7350.53, 7287.18, 7302.96, 7204.53, 7287.74, 7277.58, 7314.88, 7231.52, 7250.85, 7294.69, 7313.14, 7256.24, 7294.51, 7268.49, 7342.59, 7260.84, 7297.14, 7330.32, 7304.08, 7330.28, 7318.16, 7180.63, 7234.78, 7304.32, 7350.53, 7290.55, 7277.59, 7325.25, 7276.5, 7298.0, 7350.53, 7203.01, 7350.53, 7228.51, 7305.69, 7256.79, 7321.94, 7235.89, 7331.27, 7287.94, 7241.84, 7044.12, 7259.1, 7338.81, 7331.27, 7277.94, 7278.71, 7327.57, 7152.39, 7278.54, 7306.91, 7330.28, 7350.53, 7241.85, 7326.37, 7268.48, 7225.91, 7298.25, 7297.14, 7247.88, 7303.96, 7260.4, 7325.01, 7217.27, 7326.37, 7331.27, 7314.47, 7326.37, 7300.4, 7331.27, 7261.61, 7326.37, 7236.19, 7350.53, 7246.9, 7151.79, 7274.44, 7212.02, 7265.21, 7279.58, 7317.47, 7247.78, 7298.0, 7317.47, 7345.25, 7350.53, 7272.17, 7233.79, 7306.79, 7217.04, 7225.86, 7354.04, 7350.53, 7325.01, 7338.15, 7240.09, 7281.53, 7277.28, 7326.37, 7350.53, 7148.75, 7175.97, 7325.71, 7298.0, 7330.28, 7342.72, 7325.01, 7309.09, 7325.01, 7213.77, 7262.37, 7338.15, 7350.53, 7325.25, 7077.44, 7325.01, 7246.97, 7350.53, 7280.81, 7299.9, 7218.57, 7350.53, 7232.67, 7340.19, 7285.33, 7350.53, 7309.41, 7306.04, 7325.01, 7290.55, 7350.53, 7350.53, 7253.36, 7325.01, 7350.53, 7268.49, 7250.67, 7206.78, 7342.72, 7340.19, 7327.57, 7315.45, 7226.52, 7312.43, 7217.97, 7314.88, 7314.69, 7230.09, 7269.89, 7287.94, 7306.46, 7254.99, 7230.98, 7287.07, 7257.75, 7209.71, 7230.72, 7245.48, 7207.0, 7298.0, 7301.13, 7325.01, 7326.37, 7306.91, 7350.53, 7245.35, 7275.92, 7277.75, 7284.89, 7318.78, 7294.4, 7251.76]
MDG-a_3_n500_m50.txt
list
200
[7304.65, 7304.65, 7284.83, 7304.65, 7303.51, 7108.29, 7267.44, 7272.83, 7295.37, 7232.89, 7270.39, 7281.68, 7262.96, 7303.51, 7304.65, 7282.41, 7271.0, 7214.05, 7237.21, 7216.44, 7303.51, 7304.65, 7213.67, 7303.51, 7220.59, 7323.13, 7272.83, 7243.7, 7213.52, 7236.93, 7278.25, 7146.62, 7169.62, 7276.06, 7284.83, 7182.49, 7190.79, 7304.65, 7248.62, 7204.92, 7237.75, 7182.65, 7244.68, 7272.19, 7226.94, 7098.29, 7295.37, 7246.28, 7216.44, 7303.51, 7304.65, 7242.18, 7190.56, 7272.19, 7120.63, 7303.51, 7264.15, 7108.51, 7293.06, 7203.56, 7262.96, 7303.51, 7303.51, 7266.84, 7240.73, 7197.86, 7303.51, 7217.31, 7234.59, 7303.51, 7259.93, 7284.83, 7303.51, 7248.55, 7284.83, 7304.65, 7304.65, 7194.98, 7272.19, 7262.78, 7177.24, 7303.51, 7255.92, 7230.75, 7304.65, 7303.51, 7303.51, 7237.21, 7250.71, 7259.67, 7259.46, 7303.51, 7303.51, 7242.83, 7279.47, 7274.45, 7284.83, 7246.28, 7215.34, 7267.98, 7281.55, 7238.5199999999995, 7268.43, 7253.26, 7181.24, 7273.73, 7281.82, 7240.99, 7126.95, 7251.31, 7303.51, 7304.65, 7235.4, 7244.68, 7221.46, 7231.1, 7246.61, 7250.85, 7166.55, 7242.14, 7272.19, 7253.17, 7178.01, 7259.93, 7284.51, 7303.51, 7255.05, 7304.65, 7303.51, 7223.8, 7054.72, 7242.17, 7266.73, 7304.65, 7286.57, 7219.61, 7207.96, 7179.04, 7256.6, 7304.65, 7216.11, 7177.42, 7262.18, 7217.37, 7219.61, 7224.88, 7197.53, 7226.39, 7304.65, 7258.51, 7303.51, 7271.98, 7304.65, 7278.25, 7303.51, 7257.5, 7238.5199999999995, 7242.14, 7304.65, 7141.85, 7210.86, 7272.19, 7284.82, 7213.24, 7219.61, 7265.31, 7284.51, 7147.34, 7262.96, 7237.14, 7303.51, 7212.33, 7284.83, 7173.16, 7303.51, 7167.21, 7267.44, 7255.58, 7136.89, 7234.89, 7243.7, 7155.22, 7303.51, 7208.17, 7282.41, 7284.83, 7244.68, 7303.51, 7281.55, 7285.67, 7259.67, 7303.51, 7132.28, 7262.68, 7143.49, 7303.51, 7234.53, 7213.56, 7303.51, 7304.65]
MDG-a_4_n500_m50.txt
list
200
[7412.47, 7412.47, 7406.26, 7330.63, 7286.34, 7406.26, 7345.74, 7369.41, 7304.83, 7391.49, 7391.49, 7383.06, 7391.49, 7223.5, 7391.49, 7310.29, 7348.5, 7323.64, 7346.95, 7392.57, 7315.1, 7333.67, 7342.99, 7338.2, 7389.28, 7391.49, 7406.26, 7308.56, 7374.88, 7360.16, 7329.42, 7406.26, 7406.26, 7403.92, 7337.6, 7406.26, 7357.71, 7406.26, 7326.41, 7347.98, 7347.98, 7348.2, 7406.26, 7404.28, 7376.45, 7367.59, 7392.25, 7342.27, 7359.51, 7375.11, 7375.05, 7395.95, 7412.47, 7391.49, 7404.28, 7361.03, 7357.35, 7327.67, 7391.49, 7406.26, 7391.41, 7323.14, 7391.49, 7392.57, 7345.74, 7332.41, 7369.75, 7406.26, 7345.74, 7313.92, 7279.04, 7391.49, 7372.95, 7263.9, 7348.51, 7406.26, 7250.42, 7328.42, 7412.47, 7269.74, 7302.67, 7287.24, 7347.71, 7276.76, 7292.38, 7406.26, 7412.47, 7343.38, 7343.53, 7332.41, 7263.51, 7391.49, 7365.23, 7221.01, 7406.26, 7349.77, 7391.49, 7357.95, 7352.47, 7391.49, 7406.26, 7406.26, 7258.22, 7308.29, 7416.68, 7406.26, 7303.31, 7359.61, 7406.26, 7406.26, 7290.99, 7325.02, 7352.75, 7298.95, 7347.81, 7406.26, 7263.6, 7376.14, 7406.26, 7365.17, 7343.49, 7406.26, 7406.26, 7375.05, 7206.94, 7391.49, 7391.41, 7412.47, 7322.25, 7291.39, 7286.39, 7378.19, 7335.26, 7406.26, 7391.49, 7406.26, 7296.38, 7333.99, 7379.86, 7269.28, 7361.03, 7348.9, 7406.26, 7297.56, 7404.28, 7354.86, 7392.57, 7364.81, 7395.39, 7282.59, 7391.49, 7378.59, 7392.57, 7293.56, 7389.28, 7395.39, 7400.54, 7268.07, 7406.26, 7328.0, 7391.49, 7375.01, 7406.26, 7357.35, 7323.41, 7298.2, 7391.49, 7274.63, 7285.29, 7406.26, 7391.49, 7320.75, 7391.49, 7406.26, 7391.49, 7368.24, 7406.26, 7328.82, 7352.99, 7315.68, 7369.44, 7268.02, 7392.57, 7412.47, 7362.89, 7380.43, 7391.49, 7329.74, 7248.39, 7355.03, 7340.25, 7391.49, 7354.16, 7315.56, 7322.88, 7330.12, 7253.4, 7356.48, 7406.26, 7378.19]
MDG-a_5_n500_m50.txt
list
200
[7361.98, 7361.98, 7330.9, 7330.9, 7349.97, 7305.22, 7287.93, 7266.84, 7326.76, 7294.63, 7344.51, 7193.51, 7152.08, 7230.26, 7257.62, 7344.51, 7349.97, 7326.85, 7345.38, 7305.22, 7307.13, 7272.09, 7349.97, 7295.32, 7257.85, 7349.97, 7303.8, 7337.38, 7136.66, 7349.97, 7278.62, 7305.02, 7349.97, 7205.89, 7330.9, 7292.04, 7266.9, 7220.18, 7349.97, 7338.11, 7270.21, 7297.72, 7265.03, 7330.9, 7348.48, 7344.51, 7299.4, 7323.18, 7295.32, 7337.23, 7315.15, 7349.97, 7336.75, 7292.89, 7261.36, 7223.02, 7285.27, 7235.76, 7280.36, 7247.27, 7330.9, 7326.76, 7278.66, 7330.9, 7359.08, 7271.24, 7291.23, 7315.15, 7276.48, 7349.02, 7274.03, 7332.16, 7305.76, 7349.97, 7295.32, 7265.99, 7285.4, 7338.11, 7349.97, 7314.14, 7276.85, 7330.9, 7280.45, 7307.13, 7274.16, 7330.9, 7348.48, 7322.68, 7291.28, 7328.66, 7250.74, 7254.45, 7286.35, 7320.04, 7361.98, 7333.68, 7232.9, 7268.93, 7330.9, 7337.23, 7349.97, 7349.97, 7223.86, 7217.49, 7349.97, 7344.51, 7258.5, 7330.9, 7327.73, 7331.39, 7353.05, 7255.91, 7330.16, 7279.9, 7213.47, 7189.26, 7231.96, 7316.85, 7270.03, 7246.92, 7349.97, 7330.9, 7315.68, 7344.51, 7259.62, 7348.48, 7349.97, 7307.27, 7316.85, 7349.97, 7217.38, 7224.37, 7315.15, 7302.68, 7344.51, 7349.97, 7263.34, 7361.98, 7270.55, 7349.97, 7338.11, 7291.02, 7330.9, 7283.7, 7209.16, 7336.75, 7293.15, 7242.07, 7278.98, 7242.25, 7349.97, 7327.65, 7253.46, 7349.97, 7344.51, 7321.62, 7337.23, 7287.74, 7303.47, 7244.32, 7313.8, 7330.9, 7349.97, 7344.51, 7356.33, 7335.24, 7344.51, 7315.59, 7283.18, 7241.57, 7204.56, 7292.04, 7349.97, 7349.97, 7184.15, 7279.9, 7257.81, 7302.68, 7289.59, 7285.36, 7307.13, 7262.86, 7361.98, 7285.64, 7261.24, 7300.0, 7349.97, 7298.43, 7276.59, 7361.98, 7220.32, 7343.14, 7191.5, 7315.15, 7361.98, 7316.85, 7305.78, 7260.93, 7335.88, 7244.85]
MDG-a_6_n500_m50.txt
list
200
[7365.81, 7365.81, 7244.66, 7320.18, 7311.02, 7272.8, 7324.65, 7251.3, 7365.81, 7239.95, 7365.81, 7249.8, 7334.32, 7365.81, 7365.81, 7365.81, 7234.96, 7304.43, 7326.41, 7264.68, 7336.02, 7287.62, 7326.65, 7339.73, 7342.71, 7318.5, 7251.64, 7339.73, 7299.25, 7269.8, 7364.16, 7329.86, 7365.81, 7297.33, 7365.81, 7339.73, 7316.59, 7342.71, 7350.49, 7306.84, 7339.65, 7224.58, 7234.07, 7313.61, 7297.69, 7324.99, 7365.81, 7214.44, 7298.23, 7306.02, 7325.73, 7234.47, 7295.76, 7320.34, 7305.2, 7342.71, 7293.52, 7280.8, 7308.62, 7253.09, 7347.26, 7223.92, 7285.14, 7365.81, 7365.81, 7309.61, 7347.89, 7365.81, 7309.61, 7307.4, 7365.81, 7365.81, 7279.65, 7365.81, 7365.81, 7298.93, 7246.94, 7318.1, 7365.81, 7333.83, 7348.45, 7346.35, 7336.02, 7190.34, 7336.37, 7272.46, 7365.81, 7258.46, 7352.98, 7365.81, 7365.81, 7365.81, 7245.86, 7296.59, 7228.82, 7223.18, 7346.35, 7218.47, 7304.42, 7365.81, 7255.15, 7318.1, 7323.43, 7339.65, 7250.27, 7273.1, 7250.18, 7347.83, 7204.11, 7365.81, 7326.82, 7365.81, 7339.52, 7284.59, 7296.99, 7332.96, 7365.81, 7321.83, 7215.19, 7284.85, 7204.5, 7338.37, 7365.81, 7224.9, 7365.81, 7273.87, 7294.75, 7272.67, 7365.81, 7321.52, 7251.81, 7335.97, 7365.81, 7254.44, 7300.94, 7314.85, 7264.44, 7259.95, 7325.73, 7313.66, 7324.5, 7314.77, 7307.4, 7305.2, 7334.09, 7291.85, 7325.89, 7347.83, 7338.37, 7260.54, 7265.09, 7271.83, 7326.59, 7339.73, 7275.39, 7299.4, 7365.81, 7306.52, 7365.81, 7258.52, 7365.81, 7339.73, 7365.81, 7280.02, 7305.88, 7290.97, 7346.35, 7292.71, 7365.81, 7365.81, 7103.65, 7342.71, 7284.39, 7285.46, 7365.81, 7294.48, 7365.81, 7365.81, 7215.78, 7329.86, 7293.48, 7315.69, 7325.93, 7315.64, 7365.81, 7314.2, 7309.72, 7277.44, 7297.09, 7365.81, 7365.81, 7290.28, 7298.95, 7288.12, 7325.56, 7298.66, 7365.81, 7365.81, 7313.82, 7347.83]
MDG-a_7_n500_m50.txt
list
200
[7406.03, 7402.53, 7307.61, 7340.91, 7301.9, 7318.08, 7391.18, 7332.57, 7328.25, 7374.9800000000005, 7273.38, 7381.85, 7357.5, 7292.46, 7293.34, 7344.02, 7278.57, 7353.57, 7337.66, 7325.87, 7366.98, 7391.18, 7278.91, 7366.98, 7298.76, 7339.43, 7324.79, 7210.65, 7391.18, 7406.03, 7391.18, 7370.56, 7352.8, 7348.26, 7400.87, 7391.11, 7277.42, 7275.69, 7391.18, 7326.55, 7325.6, 7238.2, 7251.1, 7296.86, 7252.6, 7198.2, 7391.18, 7391.18, 7344.4, 7391.18, 7260.16, 7338.82, 7391.18, 7340.99, 7391.18, 7391.18, 7327.46, 7280.58, 7391.18, 7310.46, 7293.74, 7391.18, 7364.33, 7308.13, 7303.67, 7339.45, 7268.21, 7391.18, 7391.18, 7391.18, 7391.18, 7400.87, 7339.43, 7391.18, 7354.06, 7391.18, 7313.72, 7296.9, 7296.47, 7391.18, 7394.81, 7391.18, 7391.18, 7386.57, 7323.6, 7400.87, 7383.79, 7281.53, 7351.71, 7390.08, 7319.84, 7336.06, 7400.87, 7391.18, 7332.57, 7331.94, 7391.18, 7391.18, 7242.41, 7348.38, 7391.18, 7323.64, 7398.03, 7391.11, 7307.77, 7391.18, 7400.87, 7302.32, 7383.79, 7370.56, 7364.45, 7311.45, 7399.65, 7266.29, 7323.7, 7391.18, 7240.93, 7302.85, 7364.57, 7328.7, 7229.11, 7346.51, 7391.18, 7391.18, 7383.79, 7364.18, 7283.01, 7352.03, 7353.57, 7261.26, 7340.72, 7383.94, 7391.18, 7340.72, 7400.87, 7352.8, 7391.18, 7400.87, 7323.8, 7335.38, 7337.66, 7346.51, 7391.18, 7345.2, 7346.51, 7400.87, 7352.31, 7391.43, 7352.03, 7223.72, 7391.18, 7360.99, 7400.87, 7313.16, 7400.87, 7391.18, 7346.51, 7275.0, 7346.78, 7246.31, 7297.94, 7348.22, 7272.15, 7370.46, 7388.55, 7317.41, 7332.57, 7230.41, 7352.03, 7391.18, 7391.18, 7391.18, 7342.55, 7284.39, 7342.97, 7391.18, 7383.32, 7355.63, 7293.64, 7339.43, 7391.18, 7363.92, 7284.06, 7366.98, 7318.0, 7325.78, 7236.85, 7391.18, 7276.03, 7341.08, 7391.18, 7391.18, 7257.66, 7335.21, 7320.1, 7342.72, 7333.22, 7330.67, 7293.66, 7280.2]
MDG-a_8_n500_m50.txt
list
200
[7386.46, 7385.78, 7363.42, 7347.74, 7377.7699999999995, 7377.7699999999995, 7352.53, 7352.31, 7377.7699999999995, 7365.57, 7377.7699999999995, 7294.64, 7347.74, 7311.33, 7277.8, 7321.51, 7372.87, 7192.19, 7336.37, 7372.74, 7363.42, 7257.08, 7377.7699999999995, 7372.87, 7377.7699999999995, 7355.71, 7335.04, 7238.14, 7377.7699999999995, 7128.88, 7261.98, 7297.59, 7254.16, 7377.7699999999995, 7377.7699999999995, 7385.78, 7377.7699999999995, 7318.28, 7366.7, 7282.82, 7326.88, 7327.36, 7372.87, 7335.04, 7300.2, 7356.5, 7377.7699999999995, 7377.7699999999995, 7316.85, 7363.42, 7323.66, 7371.35, 7377.7699999999995, 7283.06, 7302.04, 7335.04, 7339.7699999999995, 7174.95, 7327.37, 7252.06, 7352.31, 7291.14, 7347.76, 7377.7699999999995, 7377.7699999999995, 7319.14, 7360.88, 7372.87, 7313.48, 7309.34, 7377.7699999999995, 7372.74, 7319.63, 7347.74, 7373.59, 7377.7699999999995, 7329.5, 7371.35, 7291.49, 7372.87, 7254.3, 7316.34, 7332.69, 7311.87, 7352.31, 7243.91, 7337.75, 7304.95, 7335.0, 7356.69, 7318.08, 7367.58, 7304.57, 7377.7699999999995, 7377.7699999999995, 7366.7, 7367.58, 7275.61, 7325.0199999999995, 7371.35, 7367.58, 7356.69, 7317.18, 7377.7699999999995, 7377.7699999999995, 7377.7699999999995, 7199.38, 7292.69, 7377.7699999999995, 7199.38, 7367.86, 7377.7699999999995, 7377.7699999999995, 7367.58, 7267.99, 7377.7699999999995, 7307.2699999999995, 7258.59, 7335.34, 7356.23, 7371.35, 7343.75, 7377.7699999999995, 7377.7699999999995, 7385.78, 7374.38, 7377.7699999999995, 7377.7699999999995, 7351.93, 7377.7699999999995, 7344.19, 7377.7699999999995, 7377.7699999999995, 7377.7699999999995, 7363.42, 7367.58, 7335.0, 7377.7699999999995, 7330.42, 7322.92, 7377.7699999999995, 7304.83, 7334.31, 7263.13, 7377.7699999999995, 7377.7699999999995, 7360.88, 7356.69, 7377.7699999999995, 7348.01, 7249.11, 7367.58, 7315.75, 7377.7699999999995, 7367.58, 7250.47, 7340.07, 7289.96, 7325.49, 7316.21, 7313.99, 7319.2, 7358.95, 7355.35, 7249.9, 7363.42, 7377.7699999999995, 7372.87, 7377.7699999999995, 7344.43, 7268.96, 7377.7699999999995, 7322.21, 7371.35, 7377.7699999999995, 7377.7699999999995, 7377.7699999999995, 7344.08, 7377.7699999999995, 7377.7699999999995, 7367.58, 7222.95, 7347.74, 7354.15, 7377.7699999999995, 7280.57, 7322.5, 7363.42, 7240.85, 7356.69, 7243.13, 7367.58, 7323.59, 7263.32, 7293.26, 7377.7699999999995, 7377.7699999999995, 7377.7699999999995, 7377.7699999999995, 7365.57]
MDG-a_9_n500_m50.txt
list
200
[7367.11, 7367.11, 7321.29, 7339.95, 7319.44, 7230.96, 7290.91, 7326.66, 7367.11, 7331.55, 7206.99, 7331.8, 7304.23, 7253.47, 7295.48, 7359.15, 7295.87, 7300.21, 7269.89, 7359.15, 7323.48, 7329.11, 7334.16, 7359.15, 7266.84, 7330.35, 7318.2, 7298.91, 7222.42, 7284.32, 7255.07, 7280.1, 7336.03, 7278.2, 7250.54, 7334.16, 7207.91, 7329.39, 7367.11, 7326.66, 7359.15, 7339.95, 7329.39, 7349.62, 7274.31, 7273.0199999999995, 7310.17, 7359.15, 7265.46, 7349.03, 7313.68, 7237.15, 7299.76, 7281.23, 7314.75, 7359.15, 7209.5, 7331.58, 7284.45, 7266.25, 7353.47, 7310.5, 7353.47, 7270.06, 7214.7699999999995, 7328.12, 7339.95, 7339.95, 7314.7, 7276.69, 7262.74, 7209.69, 7288.38, 7211.74, 7272.7699999999995, 7290.91, 7359.15, 7359.15, 7321.57, 7319.43, 7342.24, 7367.11, 7359.15, 7338.14, 7276.89, 7327.09, 7253.22, 7300.1, 7320.74, 7327.7, 7324.93, 7359.15, 7333.98, 7286.11, 7311.14, 7314.75, 7285.58, 7300.61, 7206.49, 7327.57, 7323.96, 7353.47, 7266.24, 7327.09, 7354.31, 7227.54, 7367.11, 7301.92, 7301.71, 7297.59, 7279.96, 7341.99, 7359.15, 7285.69, 7237.48, 7340.73, 7309.53, 7310.95, 7359.15, 7359.15, 7359.15, 7359.15, 7359.15, 7337.26, 7334.16, 7359.15, 7359.15, 7313.32, 7339.95, 7222.8, 7316.72, 7309.96, 7319.5, 7367.11, 7354.31, 7255.92, 7246.74, 7273.1, 7182.72, 7313.68, 7349.93, 7267.53, 7359.15, 7306.1, 7348.58, 7302.96, 7326.66, 7338.14, 7359.15, 7337.26, 7359.15, 7252.93, 7251.0, 7273.16, 7293.2699999999995, 7337.44, 7235.86, 7261.48, 7367.11, 7339.95, 7359.15, 7231.66, 7306.74, 7303.94, 7204.91, 7326.28, 7290.81, 7302.55, 7286.23, 7338.14, 7349.93, 7249.65, 7288.92, 7326.66, 7377.3, 7337.26, 7313.55, 7359.15, 7219.39, 7238.0, 7293.1, 7359.15, 7300.11, 7256.78, 7180.53, 7326.87, 7341.99, 7359.15, 7359.15, 7340.73, 7339.95, 7294.94, 7201.88, 7359.15, 7314.15, 7339.95, 7339.95, 7171.54, 7339.95, 7340.73]
MDG-a_10_n500_m50.txt
list
200
[7448.4, 7436.15, 7419.93, 7406.91, 7316.2699999999995, 7422.85, 7436.15, 7414.2, 7303.87, 7436.15, 7436.15, 7384.63, 7436.15, 7397.22, 7365.47, 7427.09, 7436.15, 7402.04, 7421.55, 7419.93, 7436.15, 7374.13, 7294.7, 7419.93, 7448.4, 7436.15, 7372.82, 7381.5, 7392.98, 7381.71, 7397.22, 7239.85, 7448.4, 7386.17, 7350.38, 7372.5, 7301.01, 7419.93, 7427.09, 7330.37, 7377.07, 7436.15, 7414.2, 7356.66, 7436.15, 7390.16, 7430.12, 7402.43, 7271.09, 7386.73, 7404.63, 7235.81, 7422.85, 7421.19, 7402.43, 7372.82, 7364.71, 7199.71, 7353.16, 7422.85, 7404.63, 7436.15, 7319.04, 7348.41, 7319.65, 7436.15, 7270.87, 7427.09, 7381.82, 7329.36, 7419.93, 7376.28, 7422.85, 7436.15, 7372.2, 7419.93, 7381.83, 7333.85, 7419.93, 7436.15, 7404.63, 7423.55, 7436.15, 7321.28, 7364.42, 7414.2, 7422.73, 7366.87, 7372.39, 7325.24, 7410.17, 7344.6, 7436.15, 7377.52, 7374.16, 7394.9, 7357.56, 7401.94, 7347.2, 7380.71, 7387.22, 7374.49, 7436.15, 7436.15, 7372.82, 7392.19, 7419.93, 7398.85, 7366.82, 7404.63, 7405.05, 7422.85, 7418.34, 7391.15, 7371.39, 7370.83, 7383.84, 7380.71, 7320.09, 7436.15, 7371.2, 7422.85, 7344.31, 7436.15, 7300.88, 7251.76, 7353.26, 7401.97, 7422.85, 7354.79, 7352.42, 7387.65, 7436.15, 7414.0, 7419.93, 7422.85, 7404.16, 7436.15, 7402.04, 7430.12, 7384.67, 7376.09, 7436.15, 7335.56, 7436.15, 7326.03, 7411.5, 7436.15, 7436.15, 7307.3, 7386.97, 7344.36, 7419.93, 7405.16, 7243.13, 7419.93, 7430.12, 7369.81, 7414.29, 7410.17, 7436.15, 7419.93, 7422.85, 7369.58, 7436.15, 7410.4, 7398.85, 7370.97, 7213.11, 7380.52, 7419.93, 7392.02, 7422.85, 7378.46, 7422.85, 7368.92, 7397.22, 7371.64, 7419.93, 7369.35, 7397.22, 7402.04, 7429.61, 7397.22, 7361.36, 7334.32, 7436.15, 7422.85, 7419.93, 7411.5, 7421.19, 7436.15, 7422.85, 7375.64, 7316.77, 7370.77, 7398.7, 7371.83, 7422.85, 7422.01]
MDG-b_21_n2000_m200.txt
list
200
[10560335.40756821, 10560335.40756821, 10478595.998942, 10499200.28995075, 10528624.816446155, 10518280.10420611, 10502996.31722819, 10469151.19168501, 10503467.983518206, 10508766.87186671, 10512740.913786493, 10485412.12390846, 10513240.93616691, 10526024.16498621, 10453023.03512196, 10496140.54159541, 10511776.38069845, 10542848.064711818, 10478694.51028275, 10484802.73235721, 10492700.00151514, 10533975.66863991, 10509642.92443781, 10521699.11690075, 10510208.52464236, 10522489.34859508, 10524323.092156356, 10508987.162982956, 10496566.34604944, 10509774.819454426, 10507439.94655595, 10547861.91569051, 10538868.91530811, 10489974.35953746, 10518337.26848881, 10500160.03452171, 10500530.289998457, 10538064.25479311, 10490374.982731633, 10507606.04184141, 10505936.86206956, 10548953.91557071, 10561144.64789301, 10484644.85216271, 10486467.51364407, 10528189.032395918, 10505489.83827379, 10539571.50026471, 10473422.8716346, 10514272.482737714, 10515171.19062821, 10492310.88461667, 10550521.917208059, 10518166.08849035, 10479419.68664394, 10503210.629451817, 10444562.951432578, 10527784.71200551, 10509357.286416756, 10526087.742761426, 10501449.88572726, 10510802.007833103, 10479395.62714343, 10504609.26855631, 10520892.62131521, 10544158.45765505, 10490617.418989902, 10515701.24618284, 10480857.65222062, 10519997.91097016, 10502067.311058747, 10521873.88815781, 10490419.23254481, 10436366.53520821, 10516727.012180133, 10545421.28028461, 10476225.604550986, 10497520.671828356, 10526066.750109576, 10501113.3498763, 10529472.78160791, 10479561.93577681, 10507892.83675921, 10515744.364001632, 10562442.14069981, 10552002.601103196, 10491905.99910032, 10506119.23207681, 10528021.01655211, 10536202.073864514, 10521355.86110259, 10471823.6593225, 10496632.34451034, 10488561.94358356, 10510288.21857965, 10518182.36137561, 10493114.82904573, 10511627.72712847, 10501653.3192105, 10503607.72229681, 10494798.887372406, 10530666.87124665, 10528178.11607041, 10528212.73007492, 10504330.47028011, 10514057.67838448, 10527700.16236393, 10514703.19828081, 10493812.549159603, 10531831.41517625, 10518774.382269831, 10466537.88587262, 10533609.20071491, 10520649.980917353, 10474774.51838136, 10484313.454987548, 10514986.578140832, 10546671.62721771, 10503137.36796772, 10522428.81679693, 10502731.64230615, 10513164.385333046, 10516319.186253592, 10512107.23441482, 10480025.165138563, 10492928.728637908, 10507116.65085451, 10508176.89809138, 10494501.26417152, 10504926.85914354, 10491624.64138784, 10512586.50740924, 10495113.301052952, 10506666.74244104, 10506611.11000721, 10507627.60509946, 10478906.30543896, 10531263.61829076, 10486302.40177389, 10494037.33525087, 10482026.90910689, 10514876.53318926, 10485339.283561181, 10503662.9187995, 10510254.78020324, 10505893.972096931, 10496899.938014876, 10512258.851917192, 10461639.15120324, 10476088.74613451, 10514205.78166611, 10522861.82897751, 10527499.99100031, 10497824.78025053, 10497187.55240773, 10525884.10903288, 10503572.90622841, 10516634.788797855, 10500127.83025046, 10477099.57015673, 10508563.062901195, 10490559.94734575, 10501333.1234581, 10549515.51167424, 10487453.601721622, 10519630.81510116, 10506131.74877267, 10511729.10859606, 10540403.40506747, 10526591.54662526, 10510642.86317703, 10474444.59400324, 10522801.17767243, 10516693.09367401, 10549560.17219178, 10524625.76147931, 10496230.318000056, 10510602.15347185, 10502059.50629781, 10496052.93419731, 10521506.24457901, 10519096.42439752, 10504439.51082403, 10518671.47827211, 10491668.40391064, 10540577.78358991, 10458641.09159388, 10510315.450536456, 10560335.40756821, 10517338.27306597, 10514592.514529532, 10520727.63917638, 10538086.74510574, 10516269.971750448, 10508316.44497248, 10498153.15774661, 10532980.75917731, 10479240.88341322, 10479416.08049589, 10513505.107315501]
MDG-b_22_n2000_m200.txt
list
200
[10520966.54013699, 10519110.6495648, 10486444.14466856, 10480296.57730873, 10495538.71119858, 10451672.76462961, 10493146.84055642, 10510143.93350759, 10473999.79529269, 10469540.46726141, 10474300.11602679, 10465337.318671478, 10491635.08106867, 10474588.21019242, 10501797.78698145, 10507526.6177406, 10511454.61306821, 10472901.39747992, 10472349.80314813, 10501890.34000442, 10492142.80731635, 10517535.30485492, 10466151.77414139, 10501306.20798159, 10505556.5986843, 10471906.0000389, 10492802.0271052, 10454947.523138849, 10455627.73920854, 10457031.73844238, 10488615.54760487, 10455029.478468858, 10474160.77014693, 10511761.18854396, 10491095.10744309, 10467098.43347554, 10464371.97383959, 10516619.73865904, 10435783.15630792, 10469166.61240086, 10452723.871974649, 10494855.59599875, 10478320.10335014, 10442679.33458079, 10445714.14695645, 10457380.10599524, 10477495.69335039, 10479548.16988236, 10485917.20763474, 10470129.68186813, 10491664.60072827, 10483190.83661719, 10463963.942514934, 10485798.76609079, 10498157.03824691, 10489391.76657941, 10460324.106018944, 10475158.039038245, 10460356.60358096, 10480500.08725324, 10452082.929876612, 10468968.63938236, 10478984.53627659, 10451533.18925906, 10454931.33624454, 10446108.711031584, 10482788.43834629, 10479288.98759917, 10464379.85909914, 10470930.299337188, 10502859.43001791, 10472220.96843179, 10515494.57750904, 10444354.95294459, 10487055.264462585, 10473377.95709136, 10477051.65904309, 10479178.89331913, 10475079.54582614, 10479690.25219485, 10483139.35909425, 10486685.53531937, 10504170.961744, 10500738.06225359, 10482717.41839064, 10470731.53051813, 10444652.988927234, 10451892.274788862, 10489060.35625382, 10451259.556926202, 10482232.22199114, 10442910.28740914, 10477676.23188573, 10501391.47290269, 10464056.33003461, 10481919.159938082, 10498969.77178492, 10458376.5917204, 10477625.32528884, 10477203.089622878, 10486015.99800559, 10477502.4380659, 10464143.58564852, 10475107.74347881, 10454691.72673904, 10438824.242202252, 10473984.57034504, 10457402.402581, 10460966.09669899, 10467114.11734197, 10490402.89018731, 10503661.86470237, 10473306.89101869, 10471343.80495164, 10491664.60072827, 10482137.51274424, 10497184.94092599, 10480565.28024654, 10504044.05429039, 10491738.648983123, 10451122.750925165, 10483265.518919105, 10458625.43195737, 10517347.0884409, 10480791.69932522, 10487695.5848609, 10514339.9981064, 10459587.671234682, 10468272.09342889, 10481640.70398233, 10506272.62347479, 10504115.8690606, 10419925.86643182, 10480326.05405535, 10448491.699093934, 10502574.97287937, 10488077.471214, 10469639.280651644, 10498235.58986821, 10476627.04055364, 10494310.59020354, 10421347.81377221, 10460061.7727372, 10501343.48790109, 10469150.01355668, 10452188.63671363, 10494317.062652048, 10451465.370749049, 10471032.60735479, 10465773.34643525, 10452422.998723295, 10517859.0673178, 10461495.84254657, 10465583.00915549, 10474676.545050729, 10468814.46889446, 10473260.91209454, 10468465.6159851, 10470918.25683154, 10456988.42538679, 10473049.587318065, 10481362.91930521, 10503137.68433795, 10476196.08744005, 10479041.58708916, 10448850.90339643, 10469583.63325052, 10486867.49493824, 10485780.9985792, 10522114.1861864, 10472741.29473697, 10442503.71135685, 10458166.688286, 10474443.551737145, 10469328.33691146, 10497125.43777712, 10450920.02937754, 10454385.88966514, 10504533.72857282, 10457581.148550438, 10471288.890049318, 10464129.05411864, 10488261.58325351, 10469507.907791678, 10486605.22601812, 10468823.85888319, 10474636.144998644, 10460964.83443344, 10467236.52632846, 10451490.680463182, 10510765.09567299, 10470972.80833364, 10493891.20080179, 10464890.87716481, 10457171.39216757, 10468174.12987664, 10498482.43213594, 10491463.18175709, 10430226.37341772, 10459709.05766363]
MDG-b_23_n2000_m200.txt
list
200
[10539834.157083884, 10537231.384664932, 10482227.435278744, 10472312.994533213, 10481959.039781703, 10521207.985632412, 10496977.841507103, 10475819.029630303, 10486747.416785209, 10500954.540475123, 10489197.116340829, 10487616.180284193, 10461325.360945476, 10488060.285041982, 10474990.733259844, 10480980.832053114, 10495795.340739753, 10479596.54980306, 10503924.033475133, 10495737.395459512, 10493010.13568361, 10474221.0664356, 10494166.680614384, 10507341.866058169, 10479750.969949583, 10487330.039648203, 10524840.763171652, 10506496.853028443, 10483145.580014283, 10509674.441864863, 10489305.376519673, 10461688.42431029, 10485070.447444662, 10504803.980578203, 10492186.84103507, 10529095.907769483, 10463977.753177313, 10496987.223935314, 10469429.371540492, 10456227.905467182, 10514499.129026202, 10458870.546210432, 10493083.430318043, 10508123.187695744, 10495517.582296003, 10487009.567923384, 10488120.524219753, 10480256.250412524, 10528067.602102553, 10495691.43483609, 10498716.756256623, 10475648.916323423, 10477709.215006823, 10484298.298390424, 10480526.376009963, 10499198.468965933, 10498716.756256623, 10488537.07942176, 10510752.322718352, 10486827.985653844, 10464770.713717602, 10509767.40959133, 10471441.212308023, 10485317.391654769, 10453167.91279236, 10525157.647822322, 10492879.394807303, 10483769.575748973, 10496625.216918228, 10492921.553503154, 10505877.88123107, 10504052.47782703, 10490388.864813413, 10484348.803796802, 10501293.563199174, 10518911.937403552, 10489799.207706014, 10492881.029254273, 10519088.59764198, 10527989.575275384, 10462210.7319486, 10461787.595234003, 10489793.470696002, 10499492.803706666, 10533793.715361163, 10508141.163288038, 10489651.774857359, 10500411.909699323, 10467051.186318833, 10500832.208892038, 10497118.578613155, 10461979.758307373, 10493667.148639712, 10498832.115459973, 10480979.363196349, 10510319.585258232, 10514122.009033732, 10465165.453419143, 10443265.518124513, 10462777.94003841, 10502971.885030273, 10498756.519225404, 10528882.494092284, 10445330.63134962, 10501562.015473869, 10480629.944835933, 10470111.850137344, 10479379.687645594, 10471409.976911552, 10523416.037769683, 10491202.830058783, 10509918.481832452, 10452297.360177489, 10478331.260050643, 10497155.152235294, 10510310.327314554, 10496141.740675272, 10447664.435262889, 10474301.609819094, 10508612.668224683, 10495092.328794792, 10491074.063339053, 10517043.772222433, 10462033.903465424, 10493212.601351023, 10469714.061446793, 10502197.70889587, 10486722.513726814, 10469810.796281323, 10521665.985932223, 10468551.726636533, 10502059.358850082, 10503029.283091573, 10469342.708490683, 10495169.457147598, 10536218.708568983, 10478504.540053442, 10496138.732136829, 10501362.005086653, 10536279.689668182, 10469524.211097563, 10506892.110952988, 10496163.838082813, 10497477.759766134, 10505142.45264981, 10473765.731158353, 10495713.842246963, 10469623.67561959, 10505776.973680303, 10480557.385559622, 10456287.046025323, 10486729.007552464, 10460516.863692861, 10470265.190431504, 10518179.129333314, 10506208.9043531, 10478436.81217767, 10496184.92699333, 10458035.99724499, 10458657.187615404, 10454729.075535115, 10521460.915077003, 10463725.775485354, 10465971.46535209, 10500246.479999794, 10517505.981320983, 10477505.960826373, 10514550.234077582, 10443023.117984964, 10522309.288939383, 10472728.136800854, 10484298.298390424, 10505038.486928932, 10497102.541243954, 10493965.482419573, 10487646.385967342, 10507608.664198782, 10489583.87488911, 10524135.270043163, 10477140.919565085, 10467686.763646355, 10478688.804930223, 10497405.693541894, 10520533.162327694, 10463982.612416932, 10444424.47410095, 10500089.488817353, 10493662.194084443, 10490520.382718204, 10470855.853172183, 10501832.274421453, 10517400.510833964, 10472794.549014758, 10489437.599052193, 10480429.023506302, 10492224.661970673, 10521460.915077003, 10478957.170629503, 10506997.307378683, 10489182.130435793]
MDG-b_24_n2000_m200.txt
list
200
[10569268.27549713, 10569268.27549713, 10499436.26339695, 10519894.010340616, 10507206.88705382, 10512465.85962393, 10524224.70924829, 10538543.93729789, 10505843.98610409, 10523757.20437474, 10492826.20594967, 10530185.30116346, 10501829.04736366, 10480520.40042182, 10497157.15174597, 10527072.82035141, 10493856.77305394, 10502442.9870469, 10505091.76034827, 10571876.15892735, 10503996.0357404, 10522717.87070238, 10530183.4465487, 10502780.55721428, 10515715.15007684, 10519789.16133389, 10514530.80956129, 10497422.89923619, 10531495.38890972, 10508973.26965298, 10526021.88276218, 10501210.35571563, 10547841.16258753, 10513783.69768836, 10510275.097509958, 10533746.68274228, 10489241.4557395, 10487864.08390808, 10504000.582124159, 10503772.28848784, 10519043.95797327, 10521666.79449302, 10517309.24676072, 10516456.96706887, 10513269.699303366, 10477611.75202974, 10501173.32474813, 10528219.67507389, 10548500.52939393, 10478814.24531497, 10524130.984009307, 10520826.14809521, 10530852.17219956, 10513969.968569852, 10476217.9926509, 10485958.92010049, 10486878.05151146, 10484551.7801007, 10508246.45823588, 10543726.94480761, 10471250.11374539, 10502889.47343816, 10516823.711987106, 10492839.14978128, 10507192.27883685, 10504247.87017421, 10495904.16822203, 10523579.09300323, 10525110.58623256, 10507563.856963158, 10487897.4048471, 10523284.80082971, 10544150.76178549, 10540797.10818201, 10530554.63898559, 10516183.69600764, 10541920.91266219, 10489123.970868658, 10511231.63949291, 10478918.17167949, 10501400.74578782, 10517642.21305293, 10541118.170204008, 10511967.96853966, 10524182.87284453, 10506595.07613171, 10482451.57749606, 10549717.45006244, 10539141.18429369, 10517899.43384821, 10490408.08245381, 10529922.17164359, 10492361.583715336, 10512026.62864136, 10522800.31510746, 10526111.74517873, 10515697.81732744, 10505082.07289292, 10550379.93476399, 10512502.38353988, 10533010.9693923, 10555758.60965893, 10539033.20407516, 10531904.00775505, 10514631.57662896, 10553236.25105913, 10539605.99171608, 10516530.18122011, 10534023.1352099, 10524005.21026354, 10524575.42530853, 10534750.35428508, 10515603.57598389, 10514486.73083774, 10515132.1773539, 10524681.443793716, 10498432.13556984, 10514277.71015449, 10519162.907954017, 10537917.92493384, 10554643.15208198, 10541499.77521186, 10522513.58889723, 10493114.59132903, 10515746.47636003, 10527632.49379911, 10472119.48704458, 10515982.961776, 10509624.15545381, 10508740.53327574, 10493063.675652606, 10520286.580237404, 10498331.57100791, 10513071.50520846, 10547655.03557693, 10510803.02933639, 10551988.57055694, 10524339.411989555, 10524014.697946288, 10540826.12920236, 10499995.76565288, 10508581.11386731, 10516844.79535136, 10532294.88183636, 10493856.942005685, 10538278.47721891, 10506530.63924736, 10490281.134498456, 10500967.75673451, 10504117.35294356, 10538615.78044821, 10511334.827974947, 10508550.8484734, 10488479.02080589, 10512156.388818152, 10505383.07131076, 10478451.450825347, 10527671.06037276, 10504456.41461668, 10502929.17154463, 10498423.425458143, 10484066.59176746, 10499482.69408112, 10523094.48883628, 10522498.35449991, 10525261.75192056, 10545828.374234108, 10546119.06162803, 10528967.76713586, 10500645.84107185, 10517604.72586991, 10555597.51042525, 10497051.87645032, 10505279.60889766, 10514722.22935517, 10541556.58756429, 10518966.272256821, 10528651.08624119, 10497234.83121391, 10548775.75112658, 10501031.55629088, 10503895.23335708, 10528032.15024191, 10519360.02805169, 10532898.71551786, 10536731.40697659, 10518648.74887343, 10469501.71522741, 10504390.4772541, 10525338.72588606, 10501592.86769353, 10483976.98083089, 10500130.04211396, 10504623.46306761, 10513533.29444019, 10530369.60418913, 10523123.5018335, 10500247.09862801, 10518405.51854003, 10523993.81337644]
MDG-b_25_n2000_m200.txt
list
200
[10553939.97031996, 10553939.97031996, 10501036.50703288, 10485132.75449949, 10510481.2424576, 10509548.46661924, 10520365.60923007, 10502034.34727414, 10506107.64347678, 10481409.26328328, 10461184.85810838, 10526331.38445294, 10497987.697885728, 10553939.97031996, 10494761.8511669, 10491306.66414907, 10523681.22649122, 10446302.370284198, 10497116.65400606, 10465024.634877235, 10508986.0098261, 10469199.82310782, 10494579.08192862, 10494707.49506748, 10507888.39748161, 10519724.47193646, 10505130.31206718, 10453154.69857218, 10501791.8237344, 10482124.101683334, 10483577.7898425, 10491905.441873185, 10454965.1477038, 10523845.104291255, 10497762.02596576, 10505407.98768737, 10512391.20858166, 10508790.32041116, 10484336.66364788, 10514418.601830235, 10516295.39944836, 10539664.54956761, 10516930.5705248, 10475099.262292424, 10523799.749158226, 10457119.185035093, 10536884.22086336, 10499417.57870777, 10519685.5643347, 10490843.12577338, 10500574.68430093, 10502537.55873259, 10479650.44019982, 10494464.89463283, 10530829.16699384, 10530885.13913871, 10461348.65250471, 10517340.52378066, 10510087.920240475, 10469524.39016912, 10511722.7170608, 10542893.2960538, 10505530.66147265, 10507230.69461306, 10484446.21709791, 10493917.51525385, 10537566.54524731, 10486098.888477175, 10554888.65364146, 10507213.77069459, 10539911.15659186, 10516904.23754595, 10515231.30822225, 10485950.95585889, 10539924.59247752, 10526350.69035176, 10485943.5840176, 10495030.30424543, 10470960.66850899, 10509798.606795061, 10511199.44746478, 10504875.45775503, 10481029.45892744, 10504677.33259346, 10522638.623848189, 10490691.44761855, 10475887.36109558, 10506678.79874837, 10543826.089861711, 10554477.13050201, 10486846.11765157, 10517194.99960929, 10481677.823842183, 10473873.241294563, 10499743.337077599, 10501991.3230655, 10500921.0111156, 10506936.46640161, 10521151.74969756, 10524081.09925106, 10492194.72316078, 10529004.8343888, 10486290.09677702, 10529182.44387586, 10481114.10879613, 10524068.739008425, 10493803.71774279, 10481283.157149397, 10484419.58616799, 10480445.82992779, 10460130.55585298, 10537551.03446154, 10503114.14607397, 10504771.929579249, 10491896.50705827, 10490480.33141616, 10488159.05798608, 10509133.09070468, 10491829.615521776, 10499397.32572438, 10480231.444739817, 10488893.880530374, 10507801.668063933, 10483658.19149046, 10526993.084688328, 10505443.49019316, 10494378.35308708, 10477285.556287572, 10503074.99843982, 10483670.34287648, 10506996.31987227, 10480869.50670809, 10472028.36842042, 10537306.974313604, 10515065.87879905, 10495050.03906956, 10516044.671506528, 10484574.99438064, 10456856.81349289, 10501618.41823002, 10486364.189728493, 10495023.1812855, 10537210.11389612, 10518474.827743588, 10500785.640443197, 10481965.03281347, 10510600.40241478, 10485850.56372334, 10520448.28334959, 10490109.14721123, 10489467.7108043, 10524657.54140861, 10530860.04076351, 10511020.46464411, 10509428.41780286, 10494020.21735336, 10504160.79600569, 10501615.96880399, 10518536.41113212, 10523363.97668312, 10484582.76990693, 10512186.95059543, 10481484.29107592, 10514837.85632154, 10513134.19255607, 10505736.26453421, 10486207.42861287, 10496111.42402785, 10474642.2197244, 10551227.22063721, 10534848.72155991, 10485726.688312376, 10519827.81804576, 10509967.89166644, 10522120.72220246, 10480091.09655973, 10501015.37250059, 10500971.67051956, 10499103.52589566, 10492011.020246973, 10509956.43641769, 10541441.65141806, 10553939.97031996, 10495465.04010009, 10512410.20359022, 10450074.78972723, 10507689.09696337, 10492664.73872283, 10479506.38978072, 10531745.53430581, 10471918.21699566, 10491432.20657586, 10507896.25052348, 10508060.30947016, 10501246.94438363, 10499556.07644356, 10535340.22365766, 10481049.92954391, 10482389.75131372, 10483582.744829353]
MDG-b_26_n2000_m200.txt
list
200
[10546933.049113443, 10544871.695931884, 10512221.530587293, 10513070.382263575, 10474664.416371409, 10517354.357894003, 10491373.616062533, 10461025.679289093, 10536375.259572035, 10499522.907764673, 10492350.656680586, 10522101.858803915, 10508917.066828893, 10492921.870564844, 10491400.257926704, 10511444.923822563, 10465737.680911224, 10505791.551596863, 10463616.645716585, 10513198.836120505, 10473484.207644325, 10501431.460554885, 10503660.831339063, 10518132.510319544, 10460100.87438152, 10501524.143967764, 10469879.294517335, 10517500.334741455, 10505272.800746445, 10527577.890225504, 10499969.296328424, 10501548.620451065, 10491017.075993113, 10492348.617081415, 10491858.731447823, 10490837.740972184, 10462915.406100145, 10483583.521203894, 10483790.589328624, 10509253.562712474, 10485042.242279584, 10486354.558363764, 10474881.76495412, 10520448.378063373, 10494672.352070749, 10512492.234502785, 10509967.982579354, 10506465.36170494, 10493890.783129614, 10504038.164281083, 10494928.618799824, 10481543.767469514, 10506599.704556435, 10490759.193600005, 10527413.404669823, 10489054.957055515, 10484912.504683925, 10461886.321518853, 10475375.252234958, 10466450.450752353, 10511685.951045984, 10511829.856940813, 10513356.169444423, 10506468.048680933, 10488802.866619645, 10506054.132490983, 10499856.238269184, 10498911.700208895, 10477852.024624584, 10516063.403077684, 10482325.571176594, 10488788.78554951, 10460331.198338933, 10523378.703546124, 10513933.483333275, 10517339.677292883, 10495348.488244554, 10513571.294171995, 10485917.022743084, 10534619.060372153, 10516933.743025994, 10519533.226705885, 10507971.286070865, 10510090.270841263, 10494022.739081545, 10466732.71347403, 10470781.64323777, 10506178.183323994, 10492499.953872684, 10546514.690313634, 10538912.148611983, 10466485.147774354, 10506891.584942844, 10486080.475770313, 10506954.431864344, 10542790.708459813, 10517330.086213674, 10480175.740142815, 10490722.874669993, 10492336.513162615, 10500780.25008151, 10497573.294987744, 10499785.775223734, 10501542.495782904, 10492830.575924184, 10527819.078613034, 10514242.412203183, 10488207.44468709, 10503521.958529163, 10511622.792063164, 10483969.292548994, 10481247.734724535, 10513873.325021874, 10510415.152922584, 10493395.995972505, 10489296.559036644, 10499856.633411745, 10484516.318713492, 10492660.313313784, 10521244.951426525, 10502003.764247764, 10497066.677741773, 10492477.294892184, 10507795.558894124, 10511919.862187585, 10466282.218626304, 10523305.368417084, 10495397.261413084, 10510914.087375084, 10513168.738403045, 10505729.189477654, 10500745.302228194, 10525633.903926084, 10478318.680771954, 10497378.072178334, 10510814.761976333, 10512864.188152684, 10526769.174174074, 10513794.256281884, 10466816.82403065, 10513248.864572324, 10507808.003199045, 10484617.533475423, 10523939.180015504, 10478682.62219999, 10512621.154032685, 10502554.837375645, 10514581.532226283, 10506893.754051285, 10541009.769469254, 10500361.408063034, 10510852.606906215, 10513259.673912823, 10504990.50000105, 10481260.28068681, 10476105.191203404, 10529906.445003783, 10527315.137045713, 10500303.268517453, 10520852.479152484, 10488208.070373595, 10510279.907324083, 10489511.796344414, 10516443.576251734, 10507392.199661184, 10486074.538504314, 10500141.616321664, 10502040.140910674, 10518914.386636594, 10510981.12838714, 10507947.043214994, 10546933.049113443, 10499686.495714994, 10499814.768922504, 10505798.635596944, 10487889.314897614, 10475760.87379197, 10483524.080414664, 10468960.009990085, 10495627.046807384, 10474520.195786554, 10494450.573753795, 10501056.783228984, 10494607.168573884, 10516502.356925884, 10497962.264591685, 10489930.70577379, 10502192.940270593, 10501971.818089735, 10505025.882046964, 10486960.906008825, 10464823.19574447, 10509424.414760433, 10494255.424348084, 10511463.139837584, 10485857.010200094, 10472814.255468294, 10469456.253122864, 10490864.962234303, 10516195.439479344]
MDG-b_27_n2000_m200.txt
list
200
[10533764.88899984, 10533764.88899984, 10519466.67296414, 10509618.78481994, 10468507.448009325, 10510054.66188659, 10481160.07525807, 10470763.74191765, 10486505.236291, 10481859.226574775, 10460434.77363671, 10511363.9531318, 10500046.458864661, 10484435.27892408, 10488237.82032902, 10488120.47765333, 10474721.240735454, 10482023.630546274, 10470410.14737564, 10493156.01524802, 10510321.92434701, 10507553.28360638, 10492460.96702981, 10479436.11604526, 10509747.57847711, 10484123.4635653, 10514087.2221886, 10493369.00140204, 10520562.7088799, 10480801.52149786, 10523908.76724384, 10475942.86794494, 10503996.72864384, 10513680.26316384, 10489449.69864924, 10478833.09750749, 10506474.0366781, 10478126.18800354, 10513845.54440984, 10516928.889586546, 10531997.68132234, 10490113.17959851, 10487923.8976488, 10485779.847453194, 10466144.460440328, 10514336.0929299, 10483812.04374109, 10505659.471148994, 10492341.500571594, 10492690.47836654, 10508823.89399904, 10491999.94891074, 10533764.88899984, 10471428.54928686, 10469456.82380509, 10487219.76141394, 10491080.84706837, 10512363.5117998, 10512847.7934641, 10508600.599721145, 10488923.7860331, 10487288.10072867, 10483542.86561591, 10476420.17565305, 10502593.6028641, 10500315.15806264, 10504849.07963019, 10508525.42472959, 10497199.66472704, 10485966.40145334, 10492631.12533541, 10503468.05884401, 10521608.22365494, 10466164.50135924, 10502727.34464344, 10499306.124413244, 10497258.95480834, 10491840.80236907, 10488295.318933424, 10494852.47772672, 10486619.32949882, 10485827.83362859, 10487730.45141256, 10523788.6904467, 10528254.40387834, 10495207.58702404, 10513726.47108484, 10504338.24103364, 10518307.85555433, 10480506.10933299, 10520669.12934874, 10497208.91852216, 10478329.238674885, 10508510.78727833, 10496124.62311811, 10517127.26386221, 10487966.36570377, 10492158.3990578, 10503435.14466309, 10508704.23723102, 10506494.96777414, 10502323.03398148, 10494989.59049489, 10507492.95377444, 10523320.56082003, 10457497.06775968, 10482337.50250847, 10500100.74176514, 10465379.9708586, 10502207.72445211, 10481155.79213944, 10481375.91352736, 10529274.15749134, 10494038.59080854, 10480526.51520374, 10501557.247945637, 10463948.22554102, 10477340.59980008, 10471462.99056052, 10490789.11519232, 10480601.89861617, 10487691.95376296, 10485227.93183921, 10479154.09998577, 10495681.64701504, 10519830.18907491, 10514097.5664112, 10503734.72350804, 10505200.116806556, 10498153.56939352, 10473120.42428164, 10509655.86964461, 10498030.42179847, 10475787.95088991, 10477819.65289626, 10453797.267094197, 10489471.41098781, 10473737.114566473, 10488104.30006559, 10483611.64051819, 10491857.33960564, 10496462.18142334, 10507778.24721837, 10503293.35467747, 10476240.24106861, 10509795.99847158, 10457980.784229998, 10493595.0480621, 10461252.49493896, 10479526.447759295, 10483941.56347712, 10493243.72724521, 10502577.4581341, 10482953.15963164, 10504967.73482364, 10491263.07363386, 10483727.37353174, 10464304.64630751, 10493458.38600874, 10479379.36589681, 10493382.1733738, 10473608.28840437, 10483650.73016134, 10478008.20469158, 10487172.71915083, 10487731.46232092, 10490220.96306598, 10491999.94891074, 10482657.24560874, 10509427.9704374, 10496934.23495874, 10509644.76992614, 10488180.92358312, 10443562.44949715, 10486767.56357712, 10472669.44858685, 10499888.386242274, 10452424.722124742, 10429300.4658457, 10488868.94740214, 10481400.57828984, 10498931.74611534, 10512840.74357234, 10515251.65416211, 10519785.49428321, 10480275.80735827, 10485902.14378544, 10502953.6150534, 10504175.4533633, 10473051.01144151, 10491057.3992446, 10472525.04073684, 10474389.18173171, 10482524.34627496, 10493836.9635886, 10498704.66221908, 10499284.04691574, 10482543.93026299, 10510013.42733434, 10474505.708301]
MDG-b_28_n2000_m200.txt
list
200
[10526956.21575954, 10526956.21575954, 10505863.32894081, 10478758.81902617, 10440997.276694922, 10458811.055733262, 10477394.289134203, 10490813.25052729, 10500734.360539855, 10467436.94294073, 10482951.923316255, 10472168.673463602, 10508026.32931144, 10463167.69778498, 10481395.282723222, 10477854.38172671, 10501799.62742813, 10456608.413536401, 10466936.57046834, 10490612.49411037, 10482095.51129537, 10453221.381854462, 10469984.242902314, 10505086.475029433, 10481426.49065543, 10481836.49344666, 10486418.99359967, 10497451.41927922, 10481876.80808802, 10451331.17156612, 10480878.18363544, 10477358.20162259, 10480298.05736856, 10472199.25037357, 10464880.65273534, 10461346.432048002, 10470893.385959951, 10478787.34755878, 10499463.24900722, 10476734.51501659, 10463361.55664339, 10489299.1658072, 10482565.78062026, 10483409.780034728, 10474638.94899531, 10485683.76774262, 10463103.215014381, 10486791.441152032, 10482305.13286358, 10462875.129216053, 10474578.920932403, 10468396.454234032, 10483441.65551582, 10477967.643747298, 10469306.68910321, 10458649.703658191, 10521876.94825534, 10472782.94429666, 10472517.964887101, 10501755.88528654, 10460573.133535482, 10500693.99023784, 10507795.823944889, 10483121.371070622, 10482519.23373311, 10461627.504653292, 10471021.012606822, 10475152.33803177, 10468326.086294351, 10479133.99757756, 10477043.52677161, 10455500.269268202, 10470507.42781617, 10473807.15442922, 10459773.90239351, 10494228.65726377, 10474902.03316077, 10467011.32799244, 10500140.68330978, 10474800.481321642, 10491694.691462155, 10476602.487823335, 10469975.411713103, 10464458.109415593, 10468758.98577607, 10482673.48169064, 10475749.80234079, 10463368.840204682, 10507491.640083104, 10468696.61581347, 10461819.772785446, 10492899.0552127, 10426989.390961995, 10487170.297577122, 10475398.473021975, 10479542.91716942, 10491255.56743524, 10470927.67308037, 10487210.81763453, 10481967.91480402, 10512537.39593793, 10477136.211727835, 10446550.264476392, 10487079.50774314, 10457397.579175405, 10490502.845689561, 10457228.062903933, 10457786.07630203, 10488357.567591183, 10493573.262468856, 10472208.804312712, 10490291.88775681, 10470106.08163577, 10431869.45857229, 10466817.66142404, 10488786.26927299, 10489947.629994301, 10480442.296957511, 10464940.536536125, 10504621.30343571, 10452817.099069202, 10496855.31148854, 10488095.63204074, 10520636.40656754, 10492710.11332251, 10461678.06898988, 10463571.15893094, 10451264.48895483, 10498567.253095211, 10459128.16248293, 10442880.8302656, 10458492.158092702, 10503109.1149745, 10487424.82142428, 10481419.74889614, 10491486.97822592, 10451859.60132079, 10461156.43893257, 10497031.282880856, 10483031.787479362, 10483202.04892067, 10481145.79016017, 10511505.680812864, 10482143.560149644, 10455757.008801822, 10468178.879998792, 10467046.743653191, 10493388.233450672, 10514015.884967243, 10474836.363278233, 10449408.413025511, 10483109.131144429, 10453353.659047183, 10458472.210486142, 10526956.21575954, 10476186.5568883, 10464081.21818577, 10454039.619071823, 10501964.25896262, 10465642.735970693, 10489486.929850524, 10497328.45073851, 10488008.90169024, 10473433.71237501, 10487810.77193782, 10495192.585347705, 10480370.410465805, 10486289.759151582, 10461264.518911183, 10486591.9384452, 10431325.817119373, 10481155.97139323, 10483815.498718973, 10471701.685227271, 10486584.24598254, 10472862.122514883, 10425223.40843898, 10501755.88528654, 10477136.211727835, 10450457.735137912, 10484126.08549804, 10489949.41199812, 10459557.470344337, 10490464.12476264, 10472394.17238849, 10506964.094675044, 10503854.86613332, 10495405.85826324, 10487250.867451176, 10472205.014694672, 10470322.84087173, 10477148.242616093, 10472365.695750205, 10466708.867742231, 10509671.17890839, 10478370.913702829, 10465311.16430876, 10481020.553459322, 10483220.69367414, 10477185.971324801]
MDG-b_29_n2000_m200.txt
list
200
[10527160.826534243, 10524476.838247249, 10445998.96448453, 10480658.448457293, 10449909.59340022, 10493367.03547841, 10490574.138058309, 10456504.04894171, 10493143.97730418, 10460850.70611774, 10513167.483191868, 10460094.73765143, 10479632.4818662, 10464459.92805457, 10455344.890755909, 10454244.143590588, 10460223.095841113, 10510177.08743857, 10476025.498936558, 10440142.144963693, 10485425.78195479, 10447152.94676645, 10498361.04737027, 10476336.171460489, 10467596.277575333, 10501238.75990977, 10452252.832503589, 10493480.437279409, 10462771.194499189, 10500583.543178322, 10481921.62854409, 10484898.737839159, 10473871.98226939, 10483426.014400903, 10467085.00112516, 10480207.427420532, 10454289.91110267, 10447899.080831569, 10464686.781633316, 10437880.181345362, 10455638.83448759, 10485568.73964732, 10459359.691082489, 10447153.162830198, 10479210.02215456, 10481763.69263712, 10504879.31725204, 10489803.464039998, 10498938.312232783, 10485534.499456024, 10462485.857530689, 10496123.78005017, 10482742.0575537, 10446411.345401334, 10507373.358882884, 10486785.35943264, 10458691.21121252, 10472760.04966744, 10478990.934175508, 10496939.608450688, 10506173.873132793, 10501636.933154993, 10499313.762649069, 10456959.963423457, 10524446.988028198, 10455770.460432239, 10472296.141471893, 10472011.202272128, 10518515.287988642, 10481444.20022524, 10457788.12036015, 10487190.52181473, 10464400.818415392, 10473304.258038608, 10486853.820484389, 10470495.476551319, 10492450.09245471, 10476390.262660218, 10452318.446857989, 10478412.638056189, 10494780.619793769, 10461265.19376174, 10514628.537242103, 10474847.710476499, 10520299.674345043, 10458619.23537929, 10474029.387805888, 10452629.74604847, 10480471.48332586, 10456732.14329421, 10449641.42103018, 10484452.21973048, 10458424.92219701, 10507839.012448888, 10474428.663451523, 10478241.321662938, 10483491.977694193, 10469485.083079878, 10511249.644804142, 10521881.056949079, 10473963.97381318, 10460659.167549709, 10491251.07374511, 10472543.94968956, 10475715.450026922, 10472044.170013692, 10506733.275158433, 10518912.800159143, 10473332.738916712, 10490586.067926358, 10463627.234492015, 10454376.490067849, 10472226.500697589, 10503851.475891873, 10506562.264480893, 10495424.80074939, 10478165.72136611, 10500618.287272139, 10482623.61322384, 10491849.88834361, 10462564.832842426, 10474698.806284908, 10490831.276783159, 10524132.60065125, 10486242.310892124, 10456484.157971933, 10454825.175164253, 10504562.844712809, 10482236.20858581, 10482860.945461938, 10482593.73984648, 10461665.13101247, 10464241.11292709, 10459618.891494896, 10490311.37297204, 10482354.490351629, 10479119.64555805, 10470857.342195699, 10491767.753711479, 10448011.841651808, 10523716.440906448, 10459421.10531601, 10485723.66975819, 10471235.488955628, 10466690.571158338, 10495636.6666964, 10499728.779577093, 10440003.15836706, 10431414.411480648, 10471475.888744198, 10467390.530697558, 10511127.82756646, 10440725.415824119, 10485108.865466809, 10514694.98543381, 10469062.967113608, 10493127.21574487, 10494565.81844552, 10501941.588699609, 10481545.779137438, 10510448.43478011, 10472390.356102658, 10499523.01289014, 10458789.193862919, 10503042.45720221, 10482830.35386442, 10471553.328618748, 10453846.088662963, 10448888.678356769, 10497112.534864793, 10506854.05098467, 10464354.52678481, 10469180.6635018, 10519803.607683973, 10474281.14864711, 10503735.489353513, 10473267.161077209, 10490243.274353288, 10493365.934899438, 10476671.052434009, 10463276.263371639, 10488353.87788391, 10470090.338656994, 10457899.391036509, 10508682.663997743, 10494072.309615219, 10472605.07097404, 10475152.627708003, 10426669.869902438, 10469173.49244749, 10470565.83657994, 10488893.06543875, 10466603.20154254, 10476872.821827311, 10494072.309615219, 10486984.244886748, 10455658.79004321, 10477496.120797029, 10454416.35845643, 10454690.13526169]
MDG-b_30_n2000_m200.txt
list
200
[10583497.172932612, 10583129.195859622, 10501378.325559573, 10517158.051545072, 10535463.150132252, 10515463.018622406, 10571944.445686862, 10495141.339334523, 10560237.244604653, 10510373.481052822, 10503053.784087047, 10559704.123963123, 10532480.542638892, 10499683.178385997, 10538142.746680114, 10492323.102473596, 10522159.724957513, 10547672.455810063, 10532297.620525623, 10502104.736147722, 10531197.848229444, 10537147.228719762, 10529652.974584842, 10515561.344550462, 10525278.066731986, 10531323.706520202, 10522625.626431173, 10508937.918332454, 10517293.055130042, 10519390.821656626, 10541643.1495906, 10539874.308288863, 10512849.398694443, 10515864.826562209, 10483742.496437037, 10534621.873215426, 10556985.685931113, 10529028.862784594, 10534119.305821592, 10520295.552887762, 10485011.940452961, 10538911.551726855, 10527208.081519622, 10539818.199541442, 10518796.377958912, 10538086.332798287, 10544816.354049522, 10518598.749660213, 10513797.945775986, 10512823.009882983, 10540856.921406433, 10509630.671157504, 10521551.210133167, 10528867.062907463, 10499900.470378472, 10516470.735493656, 10481606.018202463, 10497876.828756772, 10532481.81474407, 10528572.6214156, 10508391.391534373, 10523281.381408986, 10506430.147841422, 10535354.110338692, 10507214.322707353, 10519573.476418566, 10538553.246809283, 10537027.126264656, 10542694.847798083, 10550149.478528392, 10537221.637789473, 10521616.922756953, 10525091.474590112, 10529041.875623127, 10520266.563033516, 10550009.567183923, 10552511.332526932, 10526066.865428362, 10565050.965543153, 10521403.003360052, 10531047.432936903, 10543035.394413149, 10492315.461760972, 10515033.666753542, 10538651.622303823, 10536528.486897742, 10511958.98903659, 10526239.466934538, 10533641.815980803, 10545935.025871892, 10528108.123082308, 10548301.849689022, 10527890.750113655, 10508030.775397582, 10528128.266444905, 10544375.143908085, 10552358.721689623, 10562176.871902162, 10518770.939071473, 10532371.223565314, 10521792.491603695, 10524077.898256822, 10523730.065103984, 10526693.187349455, 10532963.471827354, 10517199.462431291, 10533875.223376662, 10552198.513666222, 10539201.291462403, 10504470.657515982, 10521114.314927015, 10515890.093585283, 10501791.967247995, 10476881.414191496, 10495550.723159565, 10524468.572849087, 10542814.051885141, 10511098.043644425, 10491358.384690363, 10523495.810992703, 10500380.536282439, 10530433.708717888, 10545600.514931465, 10545810.622739092, 10525430.309802921, 10486160.161971755, 10564478.161352422, 10543041.058843702, 10539172.905253623, 10536444.026665783, 10507380.367488923, 10533884.560339883, 10544214.018369488, 10507308.850676222, 10497548.887904223, 10500617.195837555, 10514861.674721753, 10525060.833199512, 10521789.817497833, 10546561.425074393, 10527417.527784655, 10513633.553945856, 10527408.596905913, 10532389.425304163, 10515780.884174291, 10491706.442477454, 10527609.518072521, 10555138.003567949, 10507462.107109122, 10515269.415514821, 10523613.243407601, 10529613.874385556, 10511168.494192893, 10545977.799836412, 10522405.433172593, 10527036.604899332, 10550753.253177492, 10539158.955875283, 10520775.749763912, 10534702.230426792, 10511252.853205252, 10503106.253649922, 10538086.332798287, 10543598.728423832, 10541825.309148982, 10496616.794889316, 10546524.029618982, 10469462.187108953, 10536368.727235472, 10522625.626431173, 10518445.715016171, 10511514.280696528, 10545286.766095886, 10544024.794176523, 10527324.973185692, 10515503.528774152, 10548872.446509302, 10551035.828956982, 10505454.227021962, 10564730.072453761, 10449273.149698835, 10528796.188726012, 10526394.574496789, 10508068.622945903, 10500108.150161922, 10517784.101749472, 10552996.346958382, 10534189.597320853, 10569489.553716023, 10518003.543122822, 10539813.274150215, 10525032.625247762, 10552340.353725832, 10541201.417306792, 10494305.159084162, 10548334.420182057, 10507929.115640953, 10490502.048140278, 10534172.021553472, 10500642.188908443]
MDG-c_1_n3000_m300.txt
list
200
[23326979.0, 23321955.0, 23265008.0, 23296418.0, 23254541.0, 23221193.0, 23283251.0, 23214527.0, 23234600.0, 23224050.0, 23267266.0, 23214299.0, 23249112.0, 23219205.0, 23265292.0, 23173098.0, 23229274.0, 23204699.0, 23223676.0, 23288019.0, 23215847.0, 23209022.0, 23238788.0, 23205311.0, 23246450.0, 23218165.0, 23248969.0, 23188067.0, 23212006.0, 23227561.0, 23224282.0, 23218705.0, 23225651.0, 23231044.0, 23241102.0, 23220822.0, 23197979.0, 23185274.0, 23207015.0, 23169775.0, 23217960.0, 23211733.0, 23196354.0, 23260862.0, 23254667.0, 23247165.0, 23234152.0, 23252557.0, 23222559.0, 23205688.0, 23228133.0, 23258657.0, 23211762.0, 23241416.0, 23250574.0, 23297376.0, 23192793.0, 23210648.0, 23185668.0, 23181189.0, 23221416.0, 23222455.0, 23191768.0, 23199941.0, 23228072.0, 23238103.0, 23210304.0, 23245648.0, 23211407.0, 23249204.0, 23229626.0, 23251709.0, 23287258.0, 23226907.0, 23200707.0, 23239148.0, 23252198.0, 23212698.0, 23245956.0, 23255605.0, 23217502.0, 23241644.0, 23194376.0, 23270734.0, 23265035.0, 23220575.0, 23246063.0, 23246253.0, 23205742.0, 23196197.0, 23230554.0, 23255732.0, 23271870.0, 23237275.0, 23195068.0, 23197051.0, 23251832.0, 23225287.0, 23212974.0, 23242959.0, 23254071.0, 23233545.0, 23313975.0, 23252967.0, 23220822.0, 23248906.0, 23235127.0, 23206526.0, 23221993.0, 23285344.0, 23284011.0, 23238791.0, 23245887.0, 23224000.0, 23262500.0, 23314505.0, 23255900.0, 23208871.0, 23257598.0, 23232324.0, 23268901.0, 23214891.0, 23263483.0, 23255193.0, 23204622.0, 23252780.0, 23294521.0, 23226540.0, 23240184.0, 23225568.0, 23258257.0, 23231492.0, 23281556.0, 23218063.0, 23224176.0, 23320493.0, 23269467.0, 23153396.0, 23240480.0, 23205183.0, 23233723.0, 23243279.0, 23203867.0, 23242233.0, 23240089.0, 23277107.0, 23248234.0, 23275004.0, 23206064.0, 23210778.0, 23216220.0, 23259820.0, 23270819.0, 23252795.0, 23306173.0, 23217991.0, 23221301.0, 23268017.0, 23265041.0, 23248875.0, 23243967.0, 23235013.0, 23216079.0, 23258800.0, 23226047.0, 23256357.0, 23297999.0, 23196156.0, 23205257.0, 23220902.0, 23214495.0, 23268410.0, 23196859.0, 23230663.0, 23273423.0, 23253965.0, 23284848.0, 23232594.0, 23261313.0, 23318868.0, 23211232.0, 23227283.0, 23199907.0, 23283822.0, 23237072.0, 23216850.0, 23232591.0, 23273399.0, 23325726.0, 23264476.0, 23223050.0, 23208259.0, 23206458.0, 23199857.0, 23213536.0, 23293184.0, 23240771.0, 23212530.0, 23236851.0, 23288376.0]
MDG-c_2_n3000_m300.txt
list
200
[23348762.0, 23340468.0, 23267610.0, 23247845.0, 23189865.0, 23257195.0, 23271398.0, 23225515.0, 23220450.0, 23232990.0, 23247107.0, 23236178.0, 23202811.0, 23211589.0, 23260410.0, 23223731.0, 23250769.0, 23285423.0, 23214137.0, 23275106.0, 23284538.0, 23265869.0, 23251095.0, 23188300.0, 23213660.0, 23271858.0, 23206971.0, 23272752.0, 23260562.0, 23244229.0, 23281731.0, 23327860.0, 23300955.0, 23322827.0, 23261993.0, 23216321.0, 23254125.0, 23235604.0, 23250922.0, 23242521.0, 23194378.0, 23243622.0, 23255629.0, 23286149.0, 23241376.0, 23278573.0, 23204938.0, 23273423.0, 23263772.0, 23261967.0, 23271203.0, 23307247.0, 23278142.0, 23295748.0, 23220130.0, 23274451.0, 23215539.0, 23245096.0, 23225454.0, 23231938.0, 23297677.0, 23291774.0, 23255627.0, 23285328.0, 23310450.0, 23319983.0, 23282992.0, 23250980.0, 23322910.0, 23240559.0, 23306508.0, 23258007.0, 23262852.0, 23270298.0, 23319348.0, 23278702.0, 23252793.0, 23258195.0, 23295050.0, 23192368.0, 23275999.0, 23258812.0, 23261959.0, 23279102.0, 23240805.0, 23294832.0, 23238986.0, 23237412.0, 23300015.0, 23208693.0, 23297803.0, 23236511.0, 23231438.0, 23193315.0, 23252983.0, 23265509.0, 23265672.0, 23242948.0, 23289262.0, 23251713.0, 23231454.0, 23225517.0, 23288978.0, 23240665.0, 23238434.0, 23313502.0, 23235206.0, 23289935.0, 23247206.0, 23260653.0, 23249398.0, 23182137.0, 23256729.0, 23234867.0, 23266797.0, 23257562.0, 23282743.0, 23279865.0, 23270813.0, 23245387.0, 23282427.0, 23233609.0, 23298081.0, 23286404.0, 23190037.0, 23239858.0, 23231021.0, 23312496.0, 23222347.0, 23252662.0, 23287118.0, 23321020.0, 23222756.0, 23262934.0, 23259525.0, 23300484.0, 23200936.0, 23242273.0, 23266217.0, 23240468.0, 23262158.0, 23300904.0, 23259179.0, 23184440.0, 23223628.0, 23280366.0, 23206426.0, 23234473.0, 23338531.0, 23270595.0, 23287443.0, 23260973.0, 23224342.0, 23217530.0, 23250395.0, 23246230.0, 23282829.0, 23245001.0, 23280339.0, 23302576.0, 23136049.0, 23234794.0, 23222857.0, 23321717.0, 23228196.0, 23285170.0, 23260197.0, 23259252.0, 23253358.0, 23181345.0, 23249451.0, 23230953.0, 23227161.0, 23217803.0, 23255341.0, 23200929.0, 23254577.0, 23284085.0, 23260094.0, 23273908.0, 23289580.0, 23279212.0, 23311223.0, 23254483.0, 23283123.0, 23241817.0, 23277007.0, 23278390.0, 23194968.0, 23304666.0, 23276604.0, 23259304.0, 23227597.0, 23217687.0, 23278794.0, 23287173.0, 23231898.0, 23224943.0, 23188088.0, 23271889.0]
MDG-c_8_n3000_m400.txt
list
200
[41064450.0, 41059044.0, 40952450.0, 40907789.0, 40877661.0, 40911265.0, 40886637.0, 41024799.0, 40924937.0, 40933657.0, 40941611.0, 40977343.0, 40936295.0, 40794383.0, 40891318.0, 40953985.0, 40947210.0, 40903968.0, 40955298.0, 40888821.0, 40926030.0, 40935730.0, 40976777.0, 40966430.0, 40954222.0, 40899131.0, 40932137.0, 41011389.0, 40966646.0, 40892695.0, 40993557.0, 40965758.0, 40905409.0, 40970400.0, 40950728.0, 40883448.0, 40910617.0, 40959175.0, 40907132.0, 41002061.0, 40967215.0, 40960165.0, 40928206.0, 40994119.0, 40932484.0, 40907937.0, 40906046.0, 40936811.0, 40896380.0, 40919045.0, 41014969.0, 40942706.0, 41032237.0, 40966196.0, 40964991.0, 40985352.0, 40895741.0, 41025975.0, 40962693.0, 40918749.0, 40986951.0, 40951089.0, 40912283.0, 40943705.0, 40992788.0, 40944600.0, 40954572.0, 41014190.0, 41023890.0, 40930952.0, 40938229.0, 40891386.0, 41016740.0, 41059044.0, 40913589.0, 40960253.0, 40931640.0, 40974721.0, 40923125.0, 40904857.0, 40957156.0, 40896152.0, 41008466.0, 40909131.0, 41049518.0, 40951910.0, 40875874.0, 40943121.0, 40936319.0, 40882828.0, 40985572.0, 40922708.0, 40947524.0, 40962709.0, 40932994.0, 40946192.0, 40961733.0, 40905306.0, 40823273.0, 40926907.0, 40947804.0, 41009236.0, 40986378.0, 40978758.0, 40905777.0, 41016071.0, 40947978.0, 40949697.0, 40914474.0, 40981235.0, 40884013.0, 40946984.0, 41033258.0, 40871895.0, 40935857.0, 40942758.0, 40834441.0, 40972047.0, 40951963.0, 40996498.0, 40975539.0, 41025606.0, 40914478.0, 41026636.0, 41005675.0, 40967455.0, 40965273.0, 40884139.0, 40976441.0, 40947734.0, 41003880.0, 40876628.0, 40898429.0, 40950148.0, 40945501.0, 41009418.0, 40967462.0, 40905586.0, 40970883.0, 40957796.0, 40901324.0, 41030413.0, 40971855.0, 40993647.0, 40950208.0, 40948878.0, 40957298.0, 40920912.0, 40924022.0, 40834690.0, 40920027.0, 40886966.0, 40980391.0, 40995856.0, 40983590.0, 41035468.0, 40968223.0, 41003114.0, 40930904.0, 40923487.0, 40965178.0, 40915269.0, 40971709.0, 40939791.0, 40928545.0, 40991385.0, 40955668.0, 40997349.0, 40976897.0, 40959765.0, 40984586.0, 40925782.0, 40909872.0, 40912629.0, 40951080.0, 40937759.0, 40945489.0, 40949660.0, 40879168.0, 40970856.0, 40943218.0, 40956001.0, 40912216.0, 40925561.0, 40965952.0, 40976896.0, 40922446.0, 40923707.0, 41024733.0, 41004871.0, 40953844.0, 40926529.0, 40903103.0, 40909724.0, 40904541.0, 40894613.0, 41000515.0, 40957593.0, 41003475.0, 40949621.0]
MDG-c_9_n3000_m400.txt
list
200
[41120728.0, 41114983.0, 41038611.0, 41040369.0, 41020342.0, 41041552.0, 40979449.0, 40975845.0, 40999499.0, 40931534.0, 41020180.0, 40994817.0, 41002977.0, 40996069.0, 40941970.0, 40964121.0, 41025504.0, 41005523.0, 40914076.0, 40986759.0, 41031263.0, 40960604.0, 41040266.0, 41016800.0, 41080113.0, 40972917.0, 41041394.0, 41014770.0, 40999030.0, 41035840.0, 40932830.0, 41009169.0, 40968325.0, 41011725.0, 40922099.0, 40967590.0, 41007841.0, 40961418.0, 40949786.0, 41019705.0, 41044678.0, 40962068.0, 41101988.0, 41000753.0, 41027278.0, 40961995.0, 41022230.0, 41003787.0, 40977158.0, 41000229.0, 41015027.0, 40971343.0, 40974226.0, 40937812.0, 41024856.0, 41097117.0, 40993374.0, 40992494.0, 41049287.0, 41086593.0, 41006167.0, 40998476.0, 40973885.0, 41089122.0, 41032157.0, 41016949.0, 41043325.0, 41030486.0, 41029230.0, 40986357.0, 40992035.0, 40946797.0, 41025792.0, 40988080.0, 40993999.0, 41005254.0, 41076871.0, 41041073.0, 40975489.0, 40976120.0, 40973413.0, 40983400.0, 41015338.0, 40976774.0, 41025228.0, 41040666.0, 40984092.0, 41027849.0, 41018687.0, 40995161.0, 41006252.0, 41108976.0, 41028376.0, 41094739.0, 41076156.0, 41033282.0, 40988827.0, 40991757.0, 41051127.0, 41054649.0, 41061761.0, 41002559.0, 40978988.0, 40974190.0, 41048872.0, 41063494.0, 41016677.0, 41033361.0, 41067179.0, 41013824.0, 41079953.0, 40957961.0, 41044364.0, 41000049.0, 41031786.0, 41002578.0, 41015989.0, 40995901.0, 41042764.0, 40967959.0, 41012699.0, 41005224.0, 40976519.0, 40995116.0, 40999638.0, 41024492.0, 41114467.0, 41000226.0, 41021769.0, 41076436.0, 41004036.0, 40984438.0, 41006382.0, 41024819.0, 40956366.0, 40934010.0, 41045292.0, 40979014.0, 41078467.0, 41103418.0, 41021418.0, 40936228.0, 40963745.0, 40975771.0, 40964013.0, 41044580.0, 40994854.0, 41041231.0, 41054195.0, 40966175.0, 40960403.0, 41037930.0, 40984130.0, 41055988.0, 41003985.0, 41011695.0, 40906988.0, 41005606.0, 40964740.0, 41009337.0, 40997347.0, 41001905.0, 41010906.0, 41045121.0, 41046586.0, 41013562.0, 41008187.0, 40988579.0, 40968916.0, 40984902.0, 40977134.0, 41050844.0, 41050759.0, 41042376.0, 41026021.0, 40999928.0, 40986639.0, 41035134.0, 40989002.0, 40963096.0, 41092730.0, 41036380.0, 40989488.0, 41010575.0, 40899871.0, 41020230.0, 40994084.0, 41034078.0, 41055854.0, 41009092.0, 41041501.0, 40948270.0, 41016057.0, 41068699.0, 41000112.0, 41007857.0, 41028463.0, 40977283.0, 40998307.0, 40983122.0]
MDG-c_10_n3000_m400.txt
list
200
[41101488.0, 41098411.0, 40979164.0, 40895310.0, 40933747.0, 40962447.0, 40982006.0, 40988000.0, 41008703.0, 41067487.0, 40915678.0, 41018969.0, 40974002.0, 40996876.0, 40935734.0, 40985952.0, 41003589.0, 40954964.0, 40981133.0, 40986744.0, 40963915.0, 41041305.0, 40872347.0, 40980788.0, 41001565.0, 40992658.0, 41028563.0, 40967935.0, 41030752.0, 40991448.0, 40994159.0, 40981820.0, 41030431.0, 40959010.0, 41024404.0, 40989429.0, 41047065.0, 40965237.0, 41000881.0, 41009828.0, 41033044.0, 40984822.0, 41034924.0, 40942867.0, 40922176.0, 40953654.0, 40955933.0, 40964035.0, 40964819.0, 41028056.0, 41009462.0, 40964356.0, 41063028.0, 40926357.0, 41006031.0, 40970159.0, 40964951.0, 40935447.0, 41069824.0, 40898858.0, 41026536.0, 40953450.0, 41034076.0, 40975391.0, 40963569.0, 40989634.0, 40963398.0, 40965904.0, 41036654.0, 40874075.0, 41009453.0, 41022709.0, 41024631.0, 41003077.0, 40987128.0, 40949301.0, 40976576.0, 40981084.0, 40987010.0, 40944822.0, 40919757.0, 41042275.0, 40976503.0, 41047626.0, 40982162.0, 40961972.0, 41000657.0, 40956811.0, 41023147.0, 41046643.0, 40925465.0, 41035066.0, 40995046.0, 40991179.0, 40960972.0, 40974739.0, 40996861.0, 40985470.0, 40930937.0, 40973496.0, 40970379.0, 40988172.0, 40932746.0, 40945258.0, 40979257.0, 41062384.0, 41027907.0, 40955203.0, 41006829.0, 40995870.0, 41021366.0, 41041416.0, 41016114.0, 40954202.0, 41022589.0, 40966861.0, 40966867.0, 40969377.0, 41020027.0, 40986044.0, 40922937.0, 41017811.0, 40920688.0, 40967459.0, 41023535.0, 41067695.0, 41062691.0, 40981736.0, 40954195.0, 40937435.0, 40987195.0, 40939108.0, 41043332.0, 41017289.0, 40924097.0, 40979038.0, 40933487.0, 40990205.0, 41094752.0, 40957657.0, 41003641.0, 40977649.0, 41014123.0, 40967942.0, 40973325.0, 41026605.0, 41044543.0, 41000529.0, 40967463.0, 41041685.0, 40948299.0, 41029708.0, 40988903.0, 40942850.0, 41038371.0, 41038245.0, 40990716.0, 41041611.0, 40965692.0, 40984574.0, 40989933.0, 41024992.0, 41025067.0, 40957916.0, 40929857.0, 40977606.0, 41010714.0, 40979422.0, 41013852.0, 40915151.0, 41042038.0, 40961033.0, 40885818.0, 41074276.0, 41021052.0, 40961150.0, 41059264.0, 40959282.0, 40977281.0, 40977348.0, 40986983.0, 40920710.0, 40972745.0, 41010868.0, 40998532.0, 40952162.0, 40942627.0, 40973332.0, 40952400.0, 40979626.0, 40973146.0, 40960155.0, 40947732.0, 40992126.0, 41006125.0, 40947150.0, 40932172.0, 40977301.0, 41064591.0, 40980671.0]
MDG-c_13_n3000_m500.txt
list
200
[63785543.0, 63785198.0, 63760170.0, 63683941.0, 63723617.0, 63636020.0, 63608110.0, 63706329.0, 63656827.0, 63675946.0, 63665984.0, 63695572.0, 63696868.0, 63684501.0, 63594936.0, 63627207.0, 63559909.0, 63693587.0, 63653296.0, 63712077.0, 63625878.0, 63588780.0, 63757442.0, 63628092.0, 63646062.0, 63621402.0, 63628742.0, 63707880.0, 63588547.0, 63664042.0, 63633895.0, 63694554.0, 63621739.0, 63707142.0, 63685045.0, 63675476.0, 63551754.0, 63770612.0, 63640751.0, 63670830.0, 63684066.0, 63718601.0, 63632961.0, 63627050.0, 63670647.0, 63646628.0, 63578221.0, 63579865.0, 63637103.0, 63631677.0, 63614650.0, 63699960.0, 63704587.0, 63632154.0, 63626531.0, 63695542.0, 63625052.0, 63659913.0, 63697279.0, 63646292.0, 63768402.0, 63589070.0, 63679362.0, 63631167.0, 63633734.0, 63684446.0, 63629231.0, 63616209.0, 63633530.0, 63512657.0, 63635181.0, 63757891.0, 63655182.0, 63627875.0, 63602226.0, 63668363.0, 63652367.0, 63694637.0, 63784600.0, 63654628.0, 63682087.0, 63617831.0, 63593864.0, 63679802.0, 63667023.0, 63642011.0, 63785198.0, 63679493.0, 63712467.0, 63608500.0, 63627280.0, 63588901.0, 63711882.0, 63609084.0, 63615808.0, 63647134.0, 63667173.0, 63683696.0, 63618050.0, 63638163.0, 63674117.0, 63731314.0, 63703142.0, 63615960.0, 63625748.0, 63673524.0, 63638886.0, 63652424.0, 63610500.0, 63719932.0, 63559310.0, 63641759.0, 63666520.0, 63663375.0, 63656671.0, 63695071.0, 63649651.0, 63698862.0, 63728893.0, 63653816.0, 63622369.0, 63570169.0, 63613786.0, 63669311.0, 63650127.0, 63575416.0, 63623606.0, 63688987.0, 63623478.0, 63730014.0, 63665703.0, 63686710.0, 63702776.0, 63631295.0, 63697930.0, 63650955.0, 63646262.0, 63658237.0, 63565993.0, 63547449.0, 63665413.0, 63653297.0, 63563681.0, 63618200.0, 63625172.0, 63637156.0, 63571176.0, 63619760.0, 63614869.0, 63623883.0, 63560996.0, 63648537.0, 63681853.0, 63688550.0, 63704418.0, 63688848.0, 63642562.0, 63703593.0, 63705361.0, 63688081.0, 63604391.0, 63706174.0, 63661146.0, 63717094.0, 63671193.0, 63700135.0, 63626761.0, 63695553.0, 63705595.0, 63610703.0, 63662511.0, 63570554.0, 63676631.0, 63603372.0, 63637598.0, 63667990.0, 63668393.0, 63550311.0, 63682755.0, 63619271.0, 63646444.0, 63610856.0, 63706909.0, 63537998.0, 63624329.0, 63603963.0, 63612726.0, 63633560.0, 63666877.0, 63699124.0, 63636987.0, 63722324.0, 63587327.0, 63669682.0, 63729216.0, 63703616.0, 63607716.0, 63656168.0, 63631105.0, 63630634.0]
MDG-c_14_n3000_m500.txt
list
200
[63787654.0, 63784943.0, 63646470.0, 63675394.0, 63597282.0, 63700596.0, 63639428.0, 63588929.0, 63698613.0, 63686439.0, 63675097.0, 63664072.0, 63631713.0, 63638396.0, 63628992.0, 63644511.0, 63698755.0, 63677833.0, 63670276.0, 63735951.0, 63665602.0, 63729012.0, 63649224.0, 63760441.0, 63708244.0, 63660309.0, 63641168.0, 63619456.0, 63673103.0, 63729634.0, 63574893.0, 63628681.0, 63660672.0, 63650599.0, 63672254.0, 63650813.0, 63696965.0, 63675040.0, 63696966.0, 63623139.0, 63614724.0, 63597067.0, 63637921.0, 63659044.0, 63707414.0, 63617667.0, 63661203.0, 63678242.0, 63685948.0, 63667222.0, 63689537.0, 63702095.0, 63621576.0, 63672545.0, 63621698.0, 63751806.0, 63717463.0, 63640637.0, 63610434.0, 63684080.0, 63708414.0, 63668280.0, 63696299.0, 63625605.0, 63641367.0, 63626188.0, 63612852.0, 63633884.0, 63670045.0, 63689413.0, 63580680.0, 63654537.0, 63647788.0, 63652141.0, 63621697.0, 63657346.0, 63619567.0, 63729429.0, 63658100.0, 63628221.0, 63664464.0, 63677839.0, 63712346.0, 63720832.0, 63650247.0, 63696915.0, 63637962.0, 63705840.0, 63648203.0, 63677650.0, 63702908.0, 63639463.0, 63644995.0, 63657462.0, 63596384.0, 63676100.0, 63664049.0, 63762775.0, 63716411.0, 63671407.0, 63653245.0, 63473489.0, 63667624.0, 63687283.0, 63573385.0, 63591627.0, 63621623.0, 63630971.0, 63781482.0, 63638303.0, 63648780.0, 63617893.0, 63713849.0, 63628653.0, 63676856.0, 63710126.0, 63651098.0, 63627169.0, 63597782.0, 63651880.0, 63702691.0, 63652009.0, 63675445.0, 63650923.0, 63768044.0, 63656624.0, 63641216.0, 63562846.0, 63637824.0, 63739004.0, 63624490.0, 63615218.0, 63786740.0, 63607438.0, 63591639.0, 63665911.0, 63705586.0, 63691206.0, 63713591.0, 63650374.0, 63681375.0, 63631918.0, 63654194.0, 63666780.0, 63609476.0, 63606194.0, 63686873.0, 63727502.0, 63676184.0, 63615668.0, 63662426.0, 63632139.0, 63627665.0, 63641925.0, 63605716.0, 63678459.0, 63769891.0, 63662562.0, 63771251.0, 63610782.0, 63725787.0, 63612312.0, 63744473.0, 63615487.0, 63728941.0, 63559274.0, 63653499.0, 63688105.0, 63670529.0, 63679034.0, 63627409.0, 63595801.0, 63647842.0, 63692528.0, 63631377.0, 63596483.0, 63661693.0, 63604971.0, 63628256.0, 63768903.0, 63546084.0, 63734930.0, 63680561.0, 63629224.0, 63623867.0, 63622774.0, 63762952.0, 63663549.0, 63673068.0, 63574254.0, 63737314.0, 63753009.0, 63620717.0, 63667609.0, 63694501.0, 63668119.0, 63705314.0, 63626695.0, 63671284.0, 63647384.0]
MDG-c_15_n3000_m500.txt
list
200
[63887565.0, 63884566.0, 63718222.0, 63709776.0, 63755734.0, 63762171.0, 63753614.0, 63665642.0, 63672000.0, 63739386.0, 63755457.0, 63719720.0, 63725955.0, 63793036.0, 63722029.0, 63739366.0, 63818510.0, 63777533.0, 63745967.0, 63706589.0, 63796140.0, 63616143.0, 63750069.0, 63823817.0, 63696915.0, 63677334.0, 63778296.0, 63803440.0, 63765009.0, 63811071.0, 63732817.0, 63727489.0, 63790332.0, 63781838.0, 63734930.0, 63798526.0, 63828101.0, 63707076.0, 63754908.0, 63764379.0, 63746596.0, 63763373.0, 63602596.0, 63756608.0, 63692260.0, 63838248.0, 63760040.0, 63725970.0, 63763200.0, 63727031.0, 63742499.0, 63796519.0, 63750743.0, 63689799.0, 63700133.0, 63747654.0, 63722851.0, 63709527.0, 63764897.0, 63819491.0, 63784153.0, 63728495.0, 63777145.0, 63845973.0, 63814781.0, 63728502.0, 63705933.0, 63771597.0, 63793439.0, 63670962.0, 63737427.0, 63752923.0, 63730969.0, 63791056.0, 63774689.0, 63729362.0, 63696072.0, 63756280.0, 63737011.0, 63739819.0, 63745764.0, 63711800.0, 63757686.0, 63739814.0, 63772184.0, 63661254.0, 63787299.0, 63705935.0, 63783320.0, 63772683.0, 63781496.0, 63784998.0, 63799305.0, 63852288.0, 63804144.0, 63774033.0, 63834699.0, 63774812.0, 63716117.0, 63731086.0, 63805114.0, 63751384.0, 63727406.0, 63675341.0, 63737941.0, 63720476.0, 63782450.0, 63644023.0, 63696780.0, 63727207.0, 63829399.0, 63780321.0, 63805865.0, 63661877.0, 63802441.0, 63748529.0, 63647493.0, 63774032.0, 63689821.0, 63722416.0, 63630277.0, 63769136.0, 63771494.0, 63677765.0, 63727671.0, 63768967.0, 63719000.0, 63841314.0, 63813847.0, 63831327.0, 63868055.0, 63701979.0, 63795901.0, 63747122.0, 63706481.0, 63793508.0, 63813958.0, 63744052.0, 63736308.0, 63780911.0, 63764967.0, 63677306.0, 63748669.0, 63714301.0, 63813465.0, 63758090.0, 63780155.0, 63788876.0, 63772846.0, 63828043.0, 63754440.0, 63748521.0, 63803085.0, 63734649.0, 63740416.0, 63792981.0, 63681005.0, 63697274.0, 63764416.0, 63683465.0, 63797280.0, 63788205.0, 63734146.0, 63766518.0, 63796622.0, 63747326.0, 63804869.0, 63720732.0, 63779239.0, 63703833.0, 63747630.0, 63770914.0, 63700105.0, 63655506.0, 63731092.0, 63702989.0, 63837805.0, 63725294.0, 63833682.0, 63714265.0, 63701854.0, 63723859.0, 63755478.0, 63751346.0, 63741005.0, 63748046.0, 63726338.0, 63745318.0, 63804688.0, 63716184.0, 63759663.0, 63788222.0, 63758813.0, 63763635.0, 63727883.0, 63704098.0, 63726402.0, 63776595.0, 63698428.0, 63802339.0]
MDG-c_19_n3000_m600.txt
list
200
[91667043.0, 91666581.0, 91510500.0, 91453801.0, 91485824.0, 91537923.0, 91465777.0, 91462117.0, 91420096.0, 91523634.0, 91533748.0, 91437430.0, 91411921.0, 91482340.0, 91460447.0, 91497058.0, 91583071.0, 91419502.0, 91406185.0, 91508991.0, 91465295.0, 91461760.0, 91583967.0, 91484137.0, 91437567.0, 91369668.0, 91430421.0, 91477961.0, 91487314.0, 91482120.0, 91487981.0, 91541322.0, 91465947.0, 91417435.0, 91456276.0, 91407617.0, 91645831.0, 91457226.0, 91432410.0, 91568556.0, 91601985.0, 91497397.0, 91323412.0, 91629770.0, 91425219.0, 91495675.0, 91532608.0, 91571514.0, 91395428.0, 91510027.0, 91443803.0, 91486651.0, 91509598.0, 91479101.0, 91491099.0, 91300121.0, 91511288.0, 91526167.0, 91447973.0, 91613358.0, 91525221.0, 91415839.0, 91515307.0, 91529098.0, 91461833.0, 91541882.0, 91453849.0, 91468499.0, 91357600.0, 91459723.0, 91451567.0, 91466983.0, 91471511.0, 91430049.0, 91509337.0, 91481059.0, 91551799.0, 91521659.0, 91472119.0, 91466242.0, 91379560.0, 91431271.0, 91565283.0, 91480143.0, 91533513.0, 91389964.0, 91542795.0, 91392749.0, 91401250.0, 91381722.0, 91498190.0, 91393024.0, 91559015.0, 91484661.0, 91478546.0, 91502319.0, 91453226.0, 91595061.0, 91511322.0, 91409221.0, 91457333.0, 91478018.0, 91516393.0, 91460088.0, 91356423.0, 91515881.0, 91507396.0, 91556295.0, 91503633.0, 91482383.0, 91493777.0, 91631596.0, 91471808.0, 91469995.0, 91388739.0, 91526017.0, 91505638.0, 91436838.0, 91521455.0, 91401926.0, 91467389.0, 91433546.0, 91462265.0, 91471460.0, 91491183.0, 91495156.0, 91429810.0, 91468726.0, 91517290.0, 91496560.0, 91486365.0, 91477227.0, 91430713.0, 91638023.0, 91350743.0, 91468381.0, 91409002.0, 91547271.0, 91376241.0, 91364089.0, 91557733.0, 91402874.0, 91397993.0, 91371971.0, 91463906.0, 91398658.0, 91405563.0, 91460595.0, 91430777.0, 91552339.0, 91454110.0, 91474110.0, 91451569.0, 91447676.0, 91320074.0, 91485495.0, 91479118.0, 91482620.0, 91446221.0, 91435761.0, 91330808.0, 91459734.0, 91554175.0, 91493345.0, 91451611.0, 91497914.0, 91453454.0, 91460733.0, 91420404.0, 91503988.0, 91395027.0, 91436887.0, 91539679.0, 91493185.0, 91430208.0, 91505838.0, 91462244.0, 91393519.0, 91456897.0, 91417754.0, 91504217.0, 91524073.0, 91492395.0, 91499176.0, 91580632.0, 91406159.0, 91425743.0, 91579685.0, 91587984.0, 91583597.0, 91460383.0, 91416259.0, 91499428.0, 91487400.0, 91499849.0, 91422031.0, 91428934.0, 91391925.0, 91501454.0, 91602619.0]